Alexander Zverev,Matteo Berrettini
0.6492564364356436,0.6471791097029703
0.642891177254902,0.6506381380392157
0.6366495153398058,0.654030000776699
0.6305278853846153,0.6477412507692308
0.6245228579047618,0.6415722864761905
0.6186311328301887,0.64495368
0.6128495334579439,0.6482718699065421
0.6071750007407407,0.6422693525925927
0.6016045878899082,0.6455512851376146
0.5961354552727273,0.639682637090909
0.5907648655855856,0.6429287394594595
0.5854901792857143,0.6461168757142858
0.6953530980530973,0.6455612691445428
0.6980254392982456,0.6450154100584795
0.7006513050434783,0.644479044173913
0.7032318972413794,0.6439519259770115
0.7057683767521368,0.6480908422353715
0.7082618650847458,0.6411085115738498
0.7107134460504202,0.6450847905882353
0.7131241673333333,0.6488757506666667
0.715495041983471,0.6525068212736995
0.7178270498360656,0.6524621655544841
0.7201211388617886,0.6524182359445241
0.6947284568663594,0.6523750148766603
0.6995992006399999,0.6523324853458824
0.703857231675485,0.6522906308870215
0.7053141738582678,0.6564180321259843
0.7067483513194444,0.660335818881579
0.7081602934711455,0.6528301556589148
0.7095505134358974,0.656654539076923
0.7109195086683631,0.6603164405829285
0.7149613642424242,0.6604793325619835
0.6960518803007518,0.660639775037594
0.700807712039801,0.6607978228493894
0.7051132199658119,0.6609535292121211
0.7090591392436975,0.6611069457754011
0.7101400422940563,0.6649943103268804
0.7112052800828157,0.6687083822222222
0.712255190709147,0.6722668351079136
0.7132901026122449,0.6756847093626374
0.6976943268085106,0.6760753797272231
0.7021119723943662,0.6764605476923077
0.6885122588893459,0.6768403286928456
0.6760602629012346,0.677214834957265
0.6645818880290381,0.6775841756180371
0.6647163307570296,0.6694209619888382
0.6648489443322592,0.6730375418464528
0.6649797658321479,0.665327961863933
0.6651088313387495,0.6688932220134227
0.6652361759719299,0.6723264069849463
0.6653618339212268,0.6756380137748345
0.6708875005263157,0.6759216452631579
0.6760264244257703,0.6762015691503268
0.6808287490436835,0.6764778576623376
0.6853359612454417,0.6767505811612904
0.6856807976142698,0.6800792487645688
0.6860212411631127,0.6832920686998876
0.686357375299945,0.6759092500542496
0.6866892813344272,0.6790956049755416
0.6870170385434783,0.6821804616486487
0.6914590067080745,0.6824757987174752
0.6956475313580247,0.6827674896496496
0.6996100524020765,0.6830556015519814
0.7033699869376694,0.6833401998945287
0.7038209432457913,0.6864231934673046
0.7042664663453815,0.6894097178127896
0.7047066538389887,0.6923059286227544
0.705141601005291,0.6951174061091754
0.7088117502620457,0.6954782354279117
0.7123067144665314,0.6958348196958393
0.7156426905263158,0.6961872333875339
0.7188338151687921,0.696535549245604
0.7193402764273726,0.6892834824332508
0.7198409162921765,0.6921543535739108
0.7203358345585253,0.6949433718857143
0.7208251287536656,0.6976551835353535
0.7213088942008383,0.7002940485973963
0.7244376408988764,0.7006343604885198
0.7274372274657186,0.7009708700121448
0.7303180723398692,0.7013036405410629
0.7330894242778216,0.7016327340475619
0.7336140506750393,0.7042505533972411
0.7341329434504293,0.6973502190163934
0.7346461960869566,0.6999655516770186
0.7351539000463321,0.7025140004324324
0.7356561448233487,0.6959329110352098
0.7361530179984721,0.6984764175401069
0.7388735819858157,0.6987504791489362
0.7287675250908051,0.6990216406349206
0.7315576458504155,0.6992899477894736
0.7220326356719022,0.6995554454450261
0.72486927125,0.6998181775000001
0.727609112003033,0.7000781869430053
0.7280074054915766,0.7026210634351293
0.7284016139186993,0.7051011267160494
0.7287917998108512,0.6986159512430427
0.7291780244249102,0.7010918278172589
0.7295603477802415,0.7035096699060783
0.7322500362957646,0.7037653296799788
0.7348512445860464,0.7040184328561403
0.7373694712256897,0.7042690175927381
0.739809736369637,0.7045171212923398
0.7402157092063492,0.7069114340614913
0.7406177019172113,0.700609863303423
0.7410157727479675,0.7030004394146341
0.7414099788133764,0.7053374578131466
0.7418003761245303,0.7076231560666979
0.7441937085785952,0.707865662605459
0.7445855423008112,0.7101086561130097
0.7449736442732919,0.7123040003809524
0.7361117579671271,0.7125567065402842
0.7385608494339623,0.7128070286792453
0.738907981596244,0.7149679202022391
0.7392518695327102,0.7170841082752761
0.7416393074437589,0.7173429136913319
0.7439578707407406,0.7175993227609427
0.7443082952995391,0.7196823052039343
0.7446555049541284,0.7217232950242849
0.7449995437442922,0.723723857820131
0.7453404549090908,0.7256854743896104
0.7456782809049773,0.7276095465986872
0.7460130634234234,0.7218647701301302
0.7463448434080717,0.7162388092536396
0.7466736610714286,0.7182080517567568
0.7380670940374727,0.7184394393945945
0.7404607559700476,0.7186687793542215
0.7427869424187517,0.718896098697464
0.7450491069135802,0.7191214240113797
0.7472504568797143,0.7193447814186238
0.7475588541027669,0.7137612612173914
0.7478645812199922,0.7082904332467532
0.7481676727586207,0.7103175065024631
0.7484681626531409,0.7123075286805327
0.7487660842579642,0.7142617178578383
0.749061470359768,0.7161812343829788
0.7512253635351089,0.716377500338983
0.7431911543830039,0.7165721100421941
0.745388597844103,0.7167650843697478
0.7475298989234807,0.7169564438493723
0.7496176392222221,0.7171462086666667
0.7498958509543567,0.7190498589457507
0.7501717634159779,0.7209200456843379
0.7504454049931413,0.7156677315008181
0.7507168036065575,0.7175384253864168
0.7509859867210884,0.7193773184537815
0.7530367123070771,0.7195615809086561
0.7550374693065169,0.7197443513598475
0.7569904445110087,0.7199256478557874
0.7588976910843374,0.7201054881549729
0.75917460032,0.7149487324130233
0.7594493031075698,0.7168000566451436
0.7597218257142857,0.7186204873304474
0.7599921939920949,0.7204109347213217
0.7602604333858269,0.7154356127384077
0.7605265689411764,0.7105461408006896
0.7607906253125,0.7123636331250001
0.7610526267704281,0.7141522688356137
0.7535103461657722,0.7143016328015337
0.7461649353738153,0.7144498433777556
0.7390079394580942,0.714596913872622
0.7411028400631057,0.7147428573905161
0.7431501330633921,0.7148876868357548
0.7451517113307986,0.7150314149163908
0.7383598968032437,0.7151740541479309
0.7403769814339622,0.715315616856969
0.7423507933793387,0.7154561151847361
0.7442829540398825,0.7155955610905722
0.7444807687535296,0.7107144517116545
0.7446771127258113,0.7125291941929173
0.7448720022982982,0.7143151484444444
0.7450654535713573,0.716073106012858
0.745257482408585,0.711351246542617
0.7454481044411443,0.7067060316690716
0.7456373350720062,0.7084857302189781
0.7458251894800982,0.7102384913800179
0.7477351452173913,0.7103556499526473
0.7496053774501236,0.7104719626150052
0.7514373215995516,0.7105874384956193
0.7532323410642403,0.7107020865921431
0.7534268409450549,0.7124383469243697
0.7536199564850807,0.7141486465895035
0.7538117024113474,0.7096279790070922
0.7540020932427289,0.7113355025542655
0.7541911432936077,0.7130181885623172
0.7559590098298912,0.7131313984932142
0.7576919583216783,0.7132438167462727
0.751347137543769,0.7133554515968706
0.7530971293428185,0.7134663112054507
0.7548137202084463,0.7135764036195077
0.7549944622617366,0.7091222893509507
0.7488664542104402,0.7092226174185053
0.7428632758581789,0.7093222583075149
0.7430181291628187,0.704918143364935
0.7431719290436174,0.7066340516357736
0.7449523613275522,0.7067266309662572
0.7390888593880087,0.706818584760724
0.739232025502535,0.7085142304499541
0.739374230770655,0.7101857729874842
0.7411671939434479,0.7102812678562174
0.7429275695550562,0.7103761260924926
0.7430723844533205,0.7120280638633129
