Alexander Bublik,Maximilian Marterer
0.6551989116831685,0.6281673275247525
0.6487753929411766,0.631812745882353
0.6424766027184468,0.6353873794174757
0.6362989430769231,0.6388932700000001
0.6302389531428572,0.6423323817142857
0.6242933026415095,0.6438198120754717
0.6511690661682243,0.6452794399999999
0.6621150316049383,0.6467120377777777
0.6690375236697248,0.6481183493577982
0.6743190007272728,0.6494990916363637
0.675451261981982,0.654158258978979
0.6765633042857144,0.643002934387755
0.6776556644247789,0.6333619476106194
0.6787288603508773,0.6384055562573099
0.6797833920000002,0.6299556528695652
0.6808197420689657,0.6221739035109718
0.6624651573789175,0.6215181825019425
0.6697646859079904,0.6208735754083206
0.6758410931092438,0.6202398020473644
0.6625701951111111,0.6196165915757577
0.6683891742148761,0.6190036821036814
0.6735663121311477,0.6184008203278689
0.6740029496526239,0.6093081307317073
0.6744325446334312,0.6009824448138958
0.6748552660945455,0.60755920064
0.6752712776911978,0.6135838630687831
0.6756807379241232,0.6191527565354331
0.6760838003409091,0.6243397524632353
0.6628559954521964,0.6240598729411765
0.6510509887810652,0.6237842992579186
0.6572798588440567,0.6235129328064661
0.6467809854545454,0.6232456779679144
0.6526322562406016,0.6229824419991155
0.6580230602985075,0.6227231349253731
0.6630253586172841,0.6224676694379085
0.6676960957894738,0.6222159607958477
0.6678166390779869,0.6281460670884023
0.6679354353623189,0.633658696231884
0.6680525223475957,0.6247834538129496
0.6681679366616542,0.6300486060136055
0.6682817138932438,0.6217884596260477
0.6683938886286138,0.6268318131781997
0.6732523781818183,0.6267049868774703
0.677803204920635,0.6265799220531401
0.6679786776677117,0.6264565822608695
0.6587334936986302,0.6263349320547945
0.6633226082539683,0.6262149369535641
0.6546965545945946,0.6260965634077555
0.646502927743934,0.6259797787686023
0.6510438104098766,0.625864551257971
0.6433071244654683,0.6257508499395336
0.6477036325589838,0.6256386446910756
0.6519069068409586,0.6255279061778914
0.6559337646585672,0.6254186058272163
0.6558642648241415,0.6310961295483871
0.6557956560132341,0.6364416671794872
0.6557279211999179,0.6414912792944635
0.6556610437893018,0.6326798645475856
0.6555950076039765,0.6375690031985625
0.659688063,0.6376020540714287
0.663613395942029,0.6376346943744454
0.6561280070297749,0.6376669317107584
0.6599698777914111,0.6376987734969326
0.6636692484552846,0.6377302269686411
0.6636874146262627,0.629028652522466
0.6637053619277109,0.6340054221686746
0.6637230942914172,0.6258048874792351
0.6637406155555556,0.6306244052380952
0.6637579294674556,0.6352307159117805
0.6637750396862745,0.6275305541038063
0.6637919497855751,0.6201456145029239
0.663808663255814,0.6130517446511627
0.6676266728573661,0.6128799619267823
0.6713026955595887,0.6127101537164752
0.6638576576,0.6125422861714286
0.6674721027272728,0.6123763262121212
0.670963027873777,0.6122122415065914
0.6710302402411621,0.6051414064621925
0.671096701632375,0.6099538669567774
0.6711624245636857,0.6031839178233618
0.6712274212747609,0.6078447518232044
0.6712917037362638,0.6123346158241758
0.6713552836572039,0.6166648195888629
0.67486462,0.6165483700000001
0.6782563008724074,0.6164331793256113
0.6815376299511242,0.6163192272606247
0.6743765957932264,0.616206493934301
0.6776195818316374,0.6160949598986829
0.6777149923717507,0.6204172146474713
0.677809398590389,0.6138248329569378
0.6779028162622354,0.6074485751716114
0.6779952608333334,0.6116921879166667
0.6780867474296013,0.6055462797662882
0.6781772908650829,0.599587113814433
0.6814216294337152,0.5993969234871794
0.674362704489796,0.5992086738775511
0.6775696067460893,0.5990223354314721
0.6806822731313131,0.5988378791919191
0.6837057438250075,0.5986552767839196
0.6838166268705883,0.6029387861142856
0.6839264066022828,0.597039303880597
0.6840350994059408,0.6012123766336633
0.6841427213445379,0.5955034865630922
0.68424928816609,0.5899537277321494
0.6843548153113344,0.5940401629918699
0.684459317921188,0.5886557373698147
0.6845628108439898,0.5834122157073844
0.6876021342603551,0.5831828987362637
0.6905551840967771,0.5829557761859193
0.6934263548783068,0.582730816707483
0.6962197289444205,0.5825079895463778
0.6963662053516295,0.5865904753856339
0.6965113063935127,0.5905621017192813
0.6966550513508921,0.5853991053952161
0.6967974591458774,0.5803638763410853
0.6969385483501683,0.5754507365573771
0.6970783371931295,0.5793506618819682
0.6972168435696414,0.5831533934061452
0.6973540850477378,0.5868631282191781
0.7001465133506493,0.5866813639999999
0.7028641846915933,0.5865012447058824
0.705510657396707,0.5863227481081081
0.7080892539879913,0.5861458523766816
0.7082574390677967,0.5898295676648352
0.7084241291691149,0.5934251451367003
0.7085893441367932,0.5969362241024962
0.7087531034659897,0.5921387150453485
0.7089154263098424,0.5955821323112127
0.7114632754585153,0.5954495351889121
0.7139472911532432,0.5953180910850662
0.7163703103588885,0.5951877850254094
0.7187349941871921,0.5950586022938531
0.7189202721602289,0.5903214595708155
0.7191039665608465,0.5937515291729867
0.7192860976048633,0.5891272343829788
0.7194666851654561,0.5924934818806594
0.7196457487803898,0.5879759725122591
0.7198233076590637,0.5912810927731093
0.7199993806893803,0.5945173092975116
0.7201739864444444,0.5976870836666666
0.7225237140248963,0.5975781271843509
0.7157902641576606,0.5974700711688312
0.7181416601371742,0.5973629045032334
0.7204386490922438,0.5972566162529274
0.7226834409027612,0.5971511956618076
0.7228542638354853,0.6003075988242652
0.7230237035865682,0.6034001489427561
0.7231917768880456,0.6064310487096775
0.7233585002031656,0.6020148200942039
0.7235238897317646,0.604999112515122
0.7257394315791905,0.6049208923603148
0.7279056862585035,0.6048432930003872
0.7300245724923454,0.6047663070741347
0.7320979049518811,0.604689927336278
0.7322770417080611,0.6076506830446492
0.7324547789583333,0.6033003909375
0.7326311330393429,0.6062172811535821
0.7328061200344531,0.6090797461186227
0.7329797557786358,0.6048331916282785
0.7331520558632479,0.6076552100979022
0.7352008384947253,0.6075910487216998
0.7372063475304312,0.6075273771269952
0.7391701777439799,0.6074641897269271
0.7410938420095694,0.6074014810192838
0.7412764074518372,0.6032052621208395
0.7414576002216067,0.5990827488387636
0.7416374357421645,0.6019050050327202
0.7418159292065987,0.6046775960155744
0.7419930955820779,0.6006465886173402
0.7421689496140351,0.6033814266162333
0.7423435058302583,0.5994276755719556
0.7425167785448916,0.6021258581372549
0.7426887818623482,0.6047790985144066
0.7428595296811371,0.6073886566304185
0.7447689226049587,0.607332104187013
0.7449408025672878,0.6034638086634461
0.7451114415190586,0.6060465706859205
0.7387777636155691,0.6059888492086332
0.7407028771979492,0.6059315415053763
0.7408604030886075,0.6084842612475246
0.7410168077985496,0.6046814530793385
0.7429081208510638,0.6046231333667084
0.7447621295851328,0.6045652258075244
0.7449218525682489,0.6070977953042527
0.7450804546883258,0.603349177068826
0.7450804546883258,0.603349177068826
0.7450804546883258,0.603349177068826
0.7450804546883258,0.603349177068826
0.7450804546883258,0.603349177068826
0.7450804546883258,0.603349177068826
0.7450804546883258,0.603349177068826
0.7450804546883258,0.603349177068826
0.7450804546883258,0.603349177068826
0.7450804546883258,0.603349177068826
0.7450804546883258,0.603349177068826
0.7450804546883258,0.603349177068826
0.7450804546883258,0.603349177068826
0.7450804546883258,0.603349177068826
0.7450804546883258,0.603349177068826
0.7450804546883258,0.603349177068826
0.7450804546883258,0.603349177068826
