Andrey Rublev,David Goffin
0.6163870304950496,0.5747381196039604
0.6201479419607844,0.5691034321568627
0.6238358260194176,0.5635781561165049
0.6274527892307693,0.5581591353846154
0.631000857904762,0.6004623817142857
0.6344819818867925,0.6042316045283018
0.6378980381308412,0.5861235209968847
0.6412508340740741,0.5745236118518517
0.6445421108256881,0.5655830282568807
0.6477735461818183,0.5580171219393938
0.6311269376576577,0.5559929436636637
0.6362061614285714,0.5540049114285713
0.6406897984323642,0.5520520656047198
0.6294306147368423,0.5501334802339181
0.6341022325797102,0.5482482615652173
0.6384059489655174,0.5463955466666667
0.6397870947008548,0.558412515946276
0.6411448311864408,0.5491402549152542
0.6424797485714286,0.558764659869281
0.6437924173333334,0.550404584
0.6450833890909092,0.5586281374004507
0.6463531973770492,0.5509443995628415
0.6476023583739838,0.5582433715071919
0.6488313716129033,0.5649076619354838
0.6354952660945455,0.56438840064
0.6237176461375662,0.5638773815873015
0.6131533440581466,0.5633744100787401
0.60355539125,0.5628792974999999
0.6033063461351053,0.5698854011369509
0.6030611324835166,0.5763350006153846
0.6028196625517994,0.5683993495105523
0.6025818512554113,0.5609738642424242
0.6023476160687433,0.5670448957340719
0.6021168769296376,0.5600638065671641
0.6018895561481482,0.5534460499753086
0.6016655783193278,0.5471484297326202
0.5911563752798054,0.5464724956071665
0.5987687686956522,0.5458063576284584
0.6057285363351672,0.5451498043688685
0.6121395323174604,0.5445026304415583
0.6180838788801792,0.5438646362862669
0.6181789145737584,0.5373902791916717
0.6182726210967979,0.5437544294638694
0.6183650261403509,0.5497815977777778
0.6184561566315789,0.543570902408488
0.6185460387599135,0.5376232501674276
0.6186346980021483,0.5433331881049562
0.618722159146515,0.5487902964398881
0.6188084463157895,0.543055145950783
0.6188935829894737,0.5482806564473117
0.618977592025096,0.5533016561589403
0.6253624347368422,0.5529509873684211
0.6312968850544662,0.5526049024836601
0.6368394279102716,0.5522633122077922
0.6420384493239832,0.551926129548387
0.642382127045708,0.5570322751825951
0.6427214267072834,0.5619428068040464
0.6430564314364338,0.5666725592766726
0.64338722226962,0.5712347664011181
0.6484693130000001,0.5711367713333333
0.653261429068323,0.5710399935955831
0.6577949530104463,0.5709444106447188
0.6477817387321063,0.5708500004907975
0.6522522914285716,0.5707567416802168
0.6526282515670996,0.575396618011466
0.6529996820654045,0.5798739541915028
0.6533666642942687,0.5841998239091049
0.6537292776870749,0.5883842266666667
0.6581101024933688,0.5884529590532543
0.6622848436078432,0.5885208828235293
0.6528782856970383,0.5885880121637426
0.6570063376744186,0.5886543609302325
0.6481727049640919,0.5887199426589595
0.6397351356862746,0.5887847705747127
0.6316617392326531,0.5888488575999999
0.6359190724242425,0.5889122163636363
0.6282544408245534,0.5889748592090396
0.6324206716499114,0.5890367982022472
0.6364343952327747,0.5890980451396648
0.6291949448888889,0.5891586115555556
0.6331301298046086,0.5892185087292817
0.6369327293772894,0.5892777476923077
0.6370952099089253,0.5826989941729974
0.6372559243478262,0.5763508156521738
0.6374149013333335,0.5809035390873665
0.6375721688888889,0.5853050102052786
0.6377277544385027,0.5895644389304813
0.6378816848226951,0.5936902525069381
0.6307332193232436,0.5937696461559696
0.6238306176459331,0.5938482040823798
0.627746254054683,0.593925939412702
0.6315369275,0.594002865
0.6352099254503363,0.5940789934309529
0.6387719419931271,0.5941543370327207
0.638914991863248,0.5982849813158755
0.6390565820408163,0.6022885208163264
0.6391967347546532,0.5961233765585827
0.6393354717845118,0.6000431822222222
0.6394728144723618,0.6038502368785101
0.6328060626448979,0.6039682405960785
0.6263437317412937,0.6040850701473027
0.6299756934653467,0.604200742970297
0.6335036646608564,0.6043152761595671
0.6273140745689973,0.6044286864744328
0.6307836372466125,0.6045409903472022
0.6248040559929391,0.6046522038911099
0.6282164462111802,0.6047623429080231
0.6315401597975709,0.6048714228959275
0.6347793453753505,0.6049794590561965
0.6348764552249591,0.6088392494652014
0.6349726446020592,0.6026623584226056
0.6350679265322057,0.6064484367854647
0.6351623137963414,0.6101297699018352
0.6352558189365131,0.6041988321495326
0.6353484542614275,0.607814553615667
0.6385789638041431,0.6079245739571149
0.6417285257142857,0.6080335802861994
0.6359272443134306,0.6081415865572186
0.6390348788451907,0.6082486064695987
0.6420685912727273,0.6083546534736841
0.6421798947812972,0.6119375803276643
0.6422901955555556,0.6061127236768972
0.6423995070852018,0.6096347537219731
0.6425078426190477,0.6039930880327868
0.6426152151703703,0.6074559215025089
0.6427216375221239,0.6019847348672567
0.6428271222320118,0.6053900884581498
0.6429316816374269,0.6087149632388663
0.6459692798253276,0.6088112700839772
0.6489351742608697,0.6089067394782609
0.651832345879575,0.6090013822977023
0.6546636023777663,0.6090952092307692
0.654800527535712,0.6123816039328911
0.6575757997385621,0.6124840912509711
0.6602899300351527,0.6125857063365571
0.6604397700515845,0.6158141193625094
0.6605883455953037,0.6189688139389427
0.6632566810084033,0.6190868391893227
0.6576764332417939,0.6192038767807039
0.6578117016244132,0.613849634995169
0.6579458474478406,0.6086187614463544
0.6606041371533518,0.6087012104840615
0.655145249215852,0.6087829809288654
0.6552673240422187,0.6119514578434542
0.6553884023393906,0.6150507713015873
0.6500151980839376,0.6151476742186088
0.652692672388664,0.6152437924966261
0.6474632240067912,0.6153391356272401
0.6501143241099463,0.615433712949576
0.64502036032,0.6155275336533332
0.6476449703121692,0.6156206067817618
0.6426789288888889,0.6157129412345679
0.645277035889328,0.6158045457707509
0.6404319851430766,0.6158954290113735
0.6430036606019373,0.6159855994422658
0.6382732313392857,0.6160750654166666
0.6336316162417029,0.6161638351578037
0.6290759756120425,0.6162519167614124
0.629116357496633,0.6109665285788333
0.6291564287513418,0.6058000366902287
0.6291961929466275,0.6007479568837804
0.6292356535984378,0.6039418343752512
0.6292748141692458,0.6070682117505308
0.6293136780690628,0.6101295117637917
0.6293522486564284,0.6131280370823979
0.6293905292393775,0.6160659777443609
0.6320200110620345,0.6161462549812733
0.6346017608141113,0.6162259331343284
0.6371372547980453,0.6163050188847583
0.6396279056460905,0.6163835188148148
0.6396866792619926,0.6114952647478474
0.6397450207189542,0.6144180912195122
0.6398029347659748,0.6172836249013636
0.6398604260827251,0.6125338115537018
0.6399174992808081,0.6153637115208556
0.6399741589049919,0.6107252825615099
0.6400304094344164,0.6135202231196315
0.6400862552837729,0.6162635875997384
0.6355198391933514,0.616335630785272
0.6310352596024844,0.6164071593766234
0.6335561694960395,0.6164781788676804
0.6291677405885016,0.6165486946744035
0.6248552560014878,0.616618712136203
0.6248789309710897,0.6120557428833676
0.624902439800554,0.6147902341988304
0.6249257842326095,0.6103288272220088
0.6249489659856959,0.6059485914013027
0.6249719867543859,0.6016470712903226
0.6275046369550172,0.6016860199218663
0.6232400902154284,0.6017246999421579
0.6257451023157304,0.6017631141203857
0.6282085899377334,0.6018012651878037
0.6306317067576792,0.6018391558383794
0.6306635717006803,0.5975743127630627
0.6306952206101695,0.6003429886743978
0.6307266556756757,0.6030637953153153
0.6307578790572391,0.5988999742358291
0.6307888928859061,0.6015873821339542
0.6308196992642141,0.5975070591507043
0.6308503002666668,0.5934951669333333
0.6308806979401994,0.5961614275214631
