Andrey Rublev,Novak Djokovic
0.57678307009901,0.639292575049505
0.5711283341176471,0.6330250007843139
0.5655833988349515,0.636587864854369
0.560145096923077,0.6304668276923078
0.5548103817142858,0.6339861912380953
0.549576321509434,0.6374391516981133
0.6098606549532711,0.6377123060436137
0.5764360192592592,0.6379804019753087
0.5619733034862385,0.6382435787155964
0.5750462734545454,0.6385019704242425
0.5842800908108108,0.6387557064264264
0.5915633042857144,0.6390049114285715
0.5922279358112095,0.6447280032364097
0.5928809071345029,0.6343732463157896
0.5935225224347827,0.6397265224347827
0.5941530754022989,0.6445564662068966
0.5947728496866097,0.6489930465268067
0.6026460418401938,0.6496564336517721
0.6092864712605043,0.6503086714132926
0.6150887136296297,0.6509500385454546
0.6029346287603305,0.651580804567994
0.6086482793442622,0.6522012301639344
0.6096127057501848,0.6414787269376695
0.6105615768914956,0.6466446346401986
0.6114952660945455,0.6514055434971429
0.6124141348340549,0.6558350535449735
0.6133185331997137,0.6599885833070867
0.6009512245833333,0.6606917975000001
0.5899321234585571,0.661384109147287
0.5964677258901099,0.662065769846154
0.5866800769465649,0.6627370235114505
0.5928415915151516,0.6633981066666668
0.5985566259885007,0.6640492487218046
0.5897975213266999,0.6646906722388061
0.5952618758362573,0.6653225931851853
0.6004050741176471,0.6659452211764707
0.5924076787208898,0.6665587597080292
0.5973689004479579,0.6671634063768117
0.6020854150265875,0.6677593530935253
0.6024431900124224,0.6725484669579832
0.6027958901757632,0.6770031132545312
0.6031436227311697,0.6811721465974797
0.6034864918941928,0.6850947558041959
0.6082529403703705,0.6858927088888889
0.6127937246896552,0.686679655724138
0.6171318077133825,0.6874558224657534
0.6094450572335601,0.6882214291156463
0.6136926935907336,0.6889766897297298
0.6141281213422819,0.6771938484116331
0.6145577433904763,0.6813660914424243
0.6149816750804162,0.6706238559861791
0.6154000287218045,0.674793092631579
0.615812913688142,0.6787486933333333
0.6162204365120594,0.669026548971029
0.6166227009769586,0.6598209921529272
0.6170198082051283,0.6510804492307694
0.6214358911311224,0.6512555510100091
0.6134288401687764,0.6514284363110308
0.6177536604747413,0.651599146954178
0.6101880630000001,0.6517677237142858
0.614420849358178,0.65193420635315
0.6184954725344953,0.6520986336507937
0.618851148090942,0.656544944429871
0.6192024861406027,0.6607838419512195
0.6195495655472372,0.6648338323519063
0.6198924632742736,0.668711145060241
0.6124770150213859,0.6690107789221558
0.6053543721693122,0.6693068457142858
0.6095375552470814,0.6695994087573964
0.6027389199752322,0.6698885298823529
0.6068298865077224,0.6701742694736843
0.6003202911627907,0.6704566865116279
0.6004629484393065,0.6615453061201613
0.6006039659770115,0.665539334469236
0.6007433718857144,0.6571264086204083
0.6008811936363636,0.6610586810101011
0.6010174580790961,0.653082356536876
0.6011521914606741,0.6569492760260202
0.6012854194413408,0.6493587527746741
0.6014171671111112,0.6531586115555557
0.601547459005525,0.6568266477940978
0.6016763191208792,0.6603714159288331
0.5948898698227376,0.6605359228935728
0.5883428808695652,0.6606986417391305
0.5820199715197989,0.6608596014620336
0.5759071314173998,0.6610188304352278
0.5758658195819155,0.6645252646984205
0.5758249472340427,0.6679178195744682
0.5757845073977874,0.671203380787772
0.5757444932440192,0.6743882498489703
0.5802767950668994,0.6746133967311632
0.5846619275,0.6748361983333333
0.5786560725124021,0.6750566911106106
0.5829300175945018,0.6752749107664724
0.5870747685944532,0.6754908922720179
0.5870990643398584,0.6786497887277465
0.5871231134279499,0.6714562609813876
0.5871469195959597,0.6745886367676768
0.5871704865059995,0.6776309049246232
0.5871938177469388,0.6707839268705883
0.5872169168362271,0.6641374477765022
0.587239787221661,0.6672084022267888
0.5872624322831004,0.6701971998102536
0.59144652,0.6703614473783588
0.5854624193285509,0.6705240925311653
0.5895504746228528,0.6706851586048185
0.5935210805067908,0.6708446684845233
0.5877648561538462,0.6710026446153846
0.591651148708134,0.6711591090129364
0.5916909051428572,0.6646121432380954
0.5917302847393365,0.6582463443195667
0.5917692928301888,0.6613213633366435
0.5918079346478873,0.6551704633835196
0.5918462153271028,0.6582088115571043
0.5918841399069767,0.66117155075969
0.5919217133333333,0.6640620487917426
0.5919589404608295,0.6668834625360488
0.5958621432241153,0.6670057787037587
0.599658746660258,0.6671269778288409
0.6033538577304075,0.667247075143695
0.6069522443991104,0.6673660856050212
0.6070430840372576,0.670157203992564
0.60713310897013,0.6728830721076233
0.607222330108959,0.6755464117582419
0.6073107581709982,0.6781497848673401
0.6108632304424779,0.678300100917136
0.6051534985830866,0.6784490925964491
0.5995908025580079,0.6785967773312068
0.6031101874984405,0.6787431722429536
0.597712348173913,0.6788882941554678
0.5924462774025974,0.679032159601207
0.5924788365517242,0.6816194580133814
0.592511116223176,0.6841492934511487
0.59254312,0.6783246597002355
0.5925748514042554,0.6808388149300912
0.5926063138983051,0.6751830422344235
0.592637510886076,0.6776802394374122
0.5961825786401833,0.6778090339495799
0.5909630322462999,0.6779367506834031
0.5858667969019608,0.6780634031111111
0.5893680447122497,0.6781890044813278
0.5844071018654073,0.6783135678236916
0.5878462525752043,0.6784371059533608
0.5912093855737706,0.6785596314754099
0.5944993891998882,0.6786811567891157
0.5945328865040651,0.6730428865040652
0.5945661125750097,0.6755702322967502
0.5945990706937694,0.6780452288172043
0.5946317640886835,0.6804697635848658
0.5946641959364384,0.6828456288914286
0.5979259538020889,0.6829708881957883
0.5930757542857144,0.6830951533786849
0.5962859811774496,0.6832184362281197
0.5994294885039371,0.6833407483464568
0.6025086488808447,0.6834621011540617
0.602558945625,0.6858146487500001
0.602608850954804,0.6803878961887406
0.6026583694215862,0.6827269382945736
0.6027075055063855,0.6850208568797369
0.6027562636213019,0.679766468412758
0.6028046481108165,0.6746152267294466
0.6028526632530828,0.6695637135005453
0.6029003132611875,0.6719001009528071
0.6029476022843824,0.6741937679210712
0.6029945344092889,0.6692892585972674
0.6030411136610758,0.6644750686534519
0.6030873440046096,0.666776120738964
0.6031332293455799,0.6690368784079602
0.6031787735315985,0.6643546736909188
0.6032239803532764,0.6597546943381642
0.6032688535452739,0.6620194086989644
0.6033133967873303,0.6642460774217772
0.6033576137052691,0.6664357916946212
0.6064932142806985,0.666500662988859
0.6095639639272727,0.6665650624918661
0.6125721191841116,0.6666289953318079
0.6155198285885357,0.6666924665627969
0.6155868304334093,0.6688616909352518
0.6156533519783198,0.6709954313180356
0.615719398369338,0.6730946759416909
0.6157849746792814,0.6751603744893778
0.6109191009416389,0.6752377125123576
0.6138493844321049,0.6753145039768712
0.6091003586081194,0.6753907546564235
0.6044446245157079,0.6754664702434876
0.6073544263708706,0.6755416563509219
0.6028051919163764,0.6756163185133566
0.6028428001515151,0.6711407988888889
0.6028801481220509,0.6732133186501764
0.6029172385203763,0.6688300239405004
0.6029540740018744,0.6708891555146299
0.6029906571855541,0.6729165308324552
0.6030269906546696,0.6749129776824314
0.6059276548620347,0.6749821107353418
0.6014296838870057,0.6750507750895884
0.6042921442411643,0.6751189754954955
0.6071024845322793,0.67518671663941
0.6098622853951072,0.6752540031447747
0.6099084179321754,0.6772343758591531
0.6099542429189965,0.6791848865595016
0.6099997634208553,0.6811062941011444
