Carlos Alcaraz,Nicolas Jarry
0.6573104958415841,0.5920953473267326
0.6606701968627451,0.5862904909803921
0.6542559231067961,0.5805983502912622
0.6575803853846154,0.5750156738461538
0.6608415245714285,0.569539334095238
0.6546071705660377,0.564166321509434
0.6578351409345794,0.5588937390654206
0.6517440748148149,0.5537187970370371
0.6549390833027523,0.5486388080733945
0.6580760007272727,0.5436511825454545
0.6575527935135135,0.6378525232432433
0.6570389292857143,0.5875145542857143
0.65653416,0.5675660479056047
0.6560382463157894,0.5859792112280702
0.6555509572173912,0.5982750441739131
0.6550720696551724,0.5844968110344828
0.6546013682051282,0.5941531264468864
0.6541386447457627,0.6021324583050847
0.6594896568983957,0.6023246225210084
0.6643474451111111,0.602513584
0.6554664215130325,0.6026994221487604
0.6600919444496487,0.6028822137704919
0.6644040114905149,0.6030620331707317
0.6644222587096774,0.6113034683870968
0.6644402139733333,0.6184130406399999
0.6644578842328042,0.6246882618181818
0.6644752762204724,0.6303277959055118
0.669049688125,0.631262735
0.6733251807387141,0.6321831789147287
0.6773463595897435,0.6330894621538462
0.6686937892808357,0.6339819090076336
0.6605178793939394,0.634860833939394
0.6527588835230934,0.6357265419548872
0.656900923256445,0.6365793289552238
0.660847755826087,0.6374194820740741
0.6607839775703325,0.6433377777375566
0.660721130384005,0.6294175292596454
0.660659194026465,0.6352775126570048
0.660598148839537,0.6406592092086332
0.660537975726708,0.6456418955294118
0.6646928610874704,0.6464863209678765
0.6686504230985916,0.6473188530903066
0.672430705239376,0.6481397414068285
0.664733982037037,0.648949228496732
0.6684418921773398,0.6497475502474646
0.6685112725636008,0.65465347847793
0.6685797089990282,0.6424027824991049
0.6686472206177606,0.6473083113513514
0.6687138260402685,0.6362525508724832
0.6687795433904762,0.6259502611393939
0.6688443903122043,0.6163079446703139
0.6727001910889292,0.6165439049885584
0.6648476693681917,0.6167767808581983
0.6686299041642229,0.6170066323658949
0.6611749037419354,0.6172335180476858
0.6648826500854701,0.6174574949386845
0.6577752421730986,0.6176786186208807
0.661409150596745,0.6178969432691249
0.654608833487072,0.6181125216953788
0.6480353586081081,0.6183254053913043
0.6516439494998365,0.6185356445692682
0.6551354927382083,0.618743288201825
0.6585175465030675,0.6189483840597493
0.6584656102439024,0.6248066874796747
0.6584143035151515,0.6303129095757576
0.658363614939759,0.6355056492307692
0.6583135334131737,0.640417833701486
0.6617193326480837,0.6407945353086419
0.6650198821301775,0.6411667789086128
0.6586456201696307,0.6415346431721134
0.6524571828176502,0.641898204929608
0.6557462795348836,0.6422575392248062
0.649769359597889,0.6426127193663027
0.6439536468280753,0.6429638169774372
0.6382906290285715,0.6433109020444445
0.6380967428787878,0.6482235475324676
0.6379050475329566,0.6528827727099162
0.6377155060674157,0.6573125285393258
0.6375280823836127,0.6615337056190305
0.6318627714195011,0.6619803821648746
0.6352948070718232,0.6624221230582783
0.6386346007412196,0.6628590096561503
0.6331646410424547,0.6632911215371056
0.6278284540853158,0.6637185365497896
0.6311282727047047,0.6641413308596338
0.6343460219354838,0.6645595789941035
0.6374855008097784,0.664973353886493
0.637324103768997,0.6691576068085107
0.6371644146334088,0.6731527645727112
0.6370064064360902,0.6630426350959753
0.6368500527748691,0.6534116758115184
0.6366953277976191,0.644221452962963
0.6365422061880088,0.6484610436857583
0.6363906631516936,0.6397805131633207
0.6362406744029303,0.6439531325601577
0.6360922161516035,0.6479675004081632
0.6359452650906454,0.6518344476018323
0.6305277799539252,0.6521146628824833
0.6338177858811298,0.6523920619291579
0.6285519698915254,0.6526666869853659
0.6317828859701493,0.6529385794539497
0.634936695737705,0.6532077799178941
0.6298330148546003,0.653474328160519
0.632933915736072,0.6537382631850788
0.6359645613658537,0.6539996232337895
0.6358354858252427,0.6455927488858068
0.6357076573913043,0.6495304003415348
0.635581058076923,0.6533295152447551
0.6354556702392344,0.6569987616799574
0.6353314765714286,0.6491589010020704
0.6352084600947867,0.6415928822990824
0.6350866041509433,0.6342844186163522
0.6349658923943662,0.6380454032691387
0.6348463087850467,0.6416898601869159
0.6347278375813954,0.6347362639379845
0.6346104633333334,0.6279989996581197
0.634494170875576,0.6214665154543083
0.637631856400847,0.621558455447464
0.6406968150878649,0.6216495558059791
0.6436920030773405,0.6217398279794167
0.6466202079744476,0.6218292832101084
0.6465559410068892,0.6153893914180848
0.64649225042469,0.6191675217611088
0.6464291285084034,0.6228389097959184
0.646366567675817,0.6264088042541911
0.6463045604789173,0.6298820983094293
0.6492240851382238,0.6299935093908553
0.6440592234085212,0.6301039431820932
0.6469385303942432,0.6302134124860714
0.649756154937198,0.6303219298830585
0.6447459103267508,0.6304295077354829
0.6475267151630941,0.6305361581926279
0.647473532416193,0.6339780442802065
0.6474208042226841,0.6373289034757834
0.6473685247797585,0.631175405293338
0.6473166883829592,0.6344792964024056
0.6472652894241075,0.6377002675668073
0.6500351263865546,0.6378219751260503
0.6527480382118476,0.6379426642119944
0.6554060457878788,0.6380623475555556
0.6580110695946377,0.6381810376763485
0.6579938591989829,0.6413548763636364
0.6605553183476585,0.6414804735802468
0.6630670495081967,0.6416050413114754
0.6630647350204082,0.6447162295259027
0.6630624393495934,0.647752376526238
0.6655399193522267,0.6478902947662862
0.6679703740440599,0.6480271007624633
0.6679814637359194,0.6510045684445244
0.667992464710244,0.6539124026729412
0.6703899527979648,0.6540608650949145
0.6727429254875283,0.6542081492436975
0.6727659630491248,0.6570609197181647
0.6727888192125985,0.6598489373228347
0.6679589668650519,0.6600063924705883
0.6703033687718023,0.6601626174999999
0.6655837616601816,0.660317626770428
0.6679076676814658,0.6604714344186047
0.6632928743707431,0.6606240543629344
0.6655962567179488,0.6607755003076924
0.6678599118891836,0.6609257857471265
0.6678693384481167,0.6549788052725514
0.6678786933221912,0.657779751043515
0.6678879773260072,0.6605188354005812
0.6678971912618702,0.6547843256460989
0.6679063359200198,0.6491790604511278
0.6679154120788575,0.6519280448492016
0.6679244205051664,0.6464782669199458
0.6679333619543282,0.6492006074845106
0.6679422371705331,0.6518672656502579
0.6679510468869875,0.6465927309225092
0.667959791826115,0.6492343880029049
0.6679684726997543,0.6518240715875994
0.6702526629387496,0.6519375853017626
0.6724972624609971,0.6520502734616409
0.6679195901757632,0.6521621450406504
0.6634198824852745,0.6522732088826275
0.6656655638369304,0.6523834737041587
0.6678738841872667,0.6524929480968615
0.667881845646539,0.6473121900447504
0.6678897504406207,0.6422359314827996
0.667897599172333,0.6448535067501042
0.6679053924359768,0.6399022182134932
0.6679131308174822,0.6350470218941233
0.670105953735768,0.6351176373042952
0.672262755100657,0.63518775890041
0.6743845298954704,0.6352573918442869
0.6700090885616061,0.6353265412260536
0.6721152292611439,0.635395212065386
0.6721302477403651,0.6305855582695925
0.6721451629997979,0.6332424061593112
0.6721599760999194,0.6358503313242009
0.6721746880867296,0.6311723488459664
0.6721892999919968,0.6337529564980775
0.6722038128334995,0.6362876470727173
0.6742981201863028,0.63635395224644
0.6763594097487697,0.6364198109206762
0.6783885525215725,0.6364852275903876
0.6803863875963905,0.6365502066904016
0.6804140304553459,0.639055078990071
0.68044148964082,0.6344869682671797
