Carlos Alcaraz,Daniil Medvedev
0.6066193077227722,0.5880359413861386
0.6104759811764705,0.582270883137255
0.6142577677669903,0.5766177677669904
0.6179668276923076,0.5710733661538462
0.6216052388571428,0.6132536198095239
0.6251750007547169,0.6169021705660378
0.6286780381308411,0.598675670529595
0.6321162044444444,0.6054780562962964
0.6354912851376147,0.610932386055046
0.6388050007272726,0.6126511825454546
0.6255424932132131,0.6143390097297298
0.6299487889795918,0.6159966971428572
0.6196331865486725,0.6176250449557522
0.6241880611306042,0.6192248252631579
0.615378696347826,0.6207967833043478
0.619869945830721,0.6223416386206897
0.6119819095156696,0.6238600861538461
0.6163566825554105,0.6253527972881356
0.6205040222809124,0.6268204208403361
0.6212855363809524,0.6060413617777778
0.622054132892562,0.6148068601652893
0.6228101294613583,0.6220625416393443
0.6235538334030197,0.6282969021860886
0.6242855421198157,0.6144486296774194
0.6250055434971428,0.6205875860945455
0.6158879635978836,0.6214342935642135
0.6207169297637795,0.6222676670579814
0.6252598122058823,0.623088019090909
0.6170688636692505,0.6238956524876673
0.6214989682267206,0.6246908607552448
0.6257141227480916,0.6254739284385843
0.6262768945454544,0.6317547733333333
0.6268312036090224,0.6183292024522846
0.6273772394029851,0.6063341263965885
0.6279151857777777,0.6127775067654321
0.6284452211764705,0.6186884564705882
0.6289675188321168,0.6241553075826536
0.620303502995169,0.6247475325490197
0.6248881954741661,0.6253312362928481
0.6292474074037266,0.6259066014117647
0.6334057925295508,0.6264738053233209
0.6373841554929578,0.6270330204473903
0.6379618886713286,0.615792284941725
0.6385315977777777,0.6215062030409357
0.6390934488275861,0.626838828137931
0.6396476032876712,0.6168376489497717
0.6401942182312925,0.6074878978849722
0.6407334464864864,0.5987096039482962
0.6448069958905523,0.5987766244061862
0.6487039141135802,0.598842751257971
0.6524407290066225,0.5989080022574144
0.6560317496188748,0.5989723946910755
0.6567022655668244,0.6046838567320262
0.65736407351545,0.61007552
0.6580173420066739,0.6151817325260547
0.6586622352608311,0.6200318167521367
0.6622200642038216,0.6203288540127389
0.65380258319314,0.6206221313080169
0.657349371572327,0.6209117195807128
0.6494057107272726,0.6211976880000001
0.6417849292510047,0.6214801040165632
0.6453966936155202,0.6217590334156379
0.6488868103067484,0.6220345403680981
0.6417166039815425,0.6223066874796748
0.6451682460988835,0.6225755358383838
0.6485130449675625,0.6228411450602409
0.6489288274405036,0.6278797352951241
0.6493396601221001,0.6187104417733991
0.6497456308784706,0.610009645443787
0.6501468255082956,0.6017344463908918
0.6505433278032688,0.606822398128655
0.65093521960644,0.6116849528964059
0.6513225808685341,0.6039298576538592
0.6517054897023283,0.5965036211494252
0.6551060004571427,0.5965236004571428
0.65839946691796,0.5965433527272728
0.6512347462146892,0.5965628818079096
0.6443098580402404,0.5965821914606741
0.6476404524530218,0.5966012853631284
0.6508746609382716,0.5966201671111111
0.6512074590055248,0.6016112159116023
0.65153659995116,0.6063989178734779
0.6518621437279903,0.6109982661834915
0.6521841489855073,0.615422738729097
0.6553881672949471,0.6155611327955648
0.6585016991260582,0.615698038753791
0.6615296795721924,0.6158334804771699
0.6644766558749458,0.6159674813311511
0.6648481755663536,0.6085535983068783
0.6652157845241675,0.6129726358510912
0.6655795441735228,0.6172336653403141
0.6659395146598639,0.6102034996899225
0.6662957548820979,0.6143701982477626
0.6666483225247213,0.6183990095761742
0.669582308102564,0.618532575908832
0.6724385808403361,0.618664779319728
0.675221066395939,0.6187956405640158
0.6779334052067849,0.6189251799775534
0.6783192523219873,0.612083786724929
0.6787012409660378,0.6054687886978724
0.6790794287280578,0.5990669821558873
0.6794538720567905,0.6031713350090928
0.6798246262886884,0.607150887093596
0.6801917456751756,0.6010162566397539
0.682881816108401,0.6010495584964133
0.6855048768225949,0.6010825370340758
0.6880640790614216,0.6011151969385242
0.6905623612145748,0.6011475428054298
0.690951679221019,0.5950832502907618
0.6913372894369256,0.5990796400934412
0.6917192445796956,0.5932199424539231
0.6920975963720621,0.5875248417152659
0.6924723955654394,0.5819861908517774
0.6949384389816307,0.5819368561815754
0.6973468233914072,0.5818879804385382
0.6907494602469135,0.5818395572486772
0.6843228492014807,0.581791580355497
0.6867897384551642,0.5817440436173001
0.6892019029528158,0.5816969410045663
0.6895323704935064,0.5761820506028708
0.6898598473777203,0.5802554645529725
0.690184374019734,0.5842194361520843
0.6905059901089046,0.5880790586547086
0.6908247346258504,0.5827641565339579
0.691140645858201,0.5865434455168459
0.6848165932743362,0.5865173469140736
0.6786483060115216,0.5864914782549382
0.6726292068899521,0.5864658365138653
0.6751608456859806,0.5864404187181294
0.6693261768184143,0.586415221946704
0.6695480904914692,0.5811635192084106
0.6697680911156186,0.5760415089655172
0.6699862033223933,0.5798254179729283
0.6702024513222724,0.5748412059880859
0.6704168589136421,0.5785480606770403
0.6706294494915254,0.5821679240677966
0.6708402460560934,0.5773266358172813
0.6710492712209589,0.580877197214886
0.671256547221265,0.5761568587235547
0.6714620959215686,0.5796410512592592
0.6716659388235293,0.5750349000079578
0.6718680970734079,0.570526056841635
0.6744515987069839,0.570458270821933
0.6685479218735363,0.5703910404253434
0.6627805148421959,0.5703243588483178
0.6571440608491418,0.5702582193979345
0.6516335286916975,0.5701926154896597
0.6517677947326557,0.5657189384946236
0.6519009823315178,0.5692117885267386
0.6520331044295891,0.572631455384935
0.6521641737619386,0.5682678080621106
0.6522942028614916,0.5639912987904361
0.6524232040630245,0.5597989331225297
0.6469393863545435,0.5597111420472441
0.6496805885490197,0.5596240395294118
0.6523648132236842,0.5595376175
0.647060405081611,0.5594518680155642
0.6497190869727688,0.559366783255814
0.6523246887405307,0.5592823555212355
0.6523246887405307,0.5592823555212355
0.6523246887405307,0.5592823555212355
0.6523246887405307,0.5592823555212355
0.6523246887405307,0.5592823555212355
0.6523246887405307,0.5592823555212355
0.6523246887405307,0.5592823555212355
0.6523246887405307,0.5592823555212355
0.6523246887405307,0.5592823555212355
0.6523246887405307,0.5592823555212355
0.6523246887405307,0.5592823555212355
0.6523246887405307,0.5592823555212355
0.6523246887405307,0.5592823555212355
0.6523246887405307,0.5592823555212355
0.6523246887405307,0.5592823555212355
0.6523246887405307,0.5592823555212355
0.6523246887405307,0.5592823555212355
0.6523246887405307,0.5592823555212355
0.6523246887405307,0.5592823555212355
0.6523246887405307,0.5592823555212355
0.6523246887405307,0.5592823555212355
0.6523246887405307,0.5592823555212355
0.6523246887405307,0.5592823555212355
0.6523246887405307,0.5592823555212355
0.6523246887405307,0.5592823555212355
0.6523246887405307,0.5592823555212355
0.6523246887405307,0.5592823555212355
0.6523246887405307,0.5592823555212355
0.6523246887405307,0.5592823555212355
0.6523246887405307,0.5592823555212355
0.6523246887405307,0.5592823555212355
0.6523246887405307,0.5592823555212355
0.6523246887405307,0.5592823555212355
0.6523246887405307,0.5592823555212355
0.6523246887405307,0.5592823555212355
0.6523246887405307,0.5592823555212355
0.6523246887405307,0.5592823555212355
0.6523246887405307,0.5592823555212355
0.6523246887405307,0.5592823555212355
0.6523246887405307,0.5592823555212355
0.6523246887405307,0.5592823555212355
0.6523246887405307,0.5592823555212355
0.6523246887405307,0.5592823555212355
