Carlos Alcaraz,Matteo Berrettini
0.6449000007920791,0.6149666344554455
0.6385774517647058,0.6089375498039216
0.6323776706796116,0.6127342726213593
0.6262971161538461,0.606842596923077
0.6203323817142856,0.6105869531428572
0.6144801894339622,0.6142606611320754
0.6087373839252336,0.617865701682243
0.6031009266666666,0.6214039822222223
0.5975678906422018,0.6214369732110092
0.6375900007272726,0.6214693643636364
0.6198339346546546,0.6215011718918919
0.6351330364285714,0.6215324114285714
0.6454415936283184,0.6215630980530973
0.6532301176608186,0.6215932463157895
0.6533469572173912,0.6270576528695653
0.6534617822988504,0.6182037075862069
0.6535746445584045,0.6233317256254857
0.653685593898305,0.6280646616949153
0.6537946785434172,0.6324829935617323
0.661838453047619,0.6329815327179487
0.6684702485950412,0.6334718315575334
0.6741476327140254,0.6339540927112232
0.679145529105691,0.6344285122201376
0.6801201619354839,0.6253242057142857
0.6810792006399999,0.6302263739733334
0.6820230165079365,0.6348145244444444
0.6829519691338581,0.6391374299953683
0.683866406875,0.6310804433333334
0.6847666672868216,0.623468368633211
0.6856530775384615,0.6277817698461539
0.6865259548091602,0.6318953950127226
0.6917933201652893,0.6321588137373737
0.6965030081203007,0.6324182712781955
0.7007770958897818,0.632673856318408
0.7047029635555555,0.6329256549135802
0.7058238451260503,0.637184445775401
0.7069283634619394,0.629504123084735
0.7080168742857142,0.6336591551690821
0.7090897230832476,0.6264146048920863
0.7101472454693877,0.6194786763956044
0.7111897675379939,0.6235918077646441
0.712217606197183,0.6275466907042254
0.7132310694905094,0.6313569501615626
0.6967701394444443,0.6315223353256705
0.7013613798620688,0.631685439315101
0.6870641826591457,0.6318463090033066
0.674009146424792,0.6320049899882711
0.6790764941394025,0.6321615266356011
0.6673483226845637,0.6323159621198797
0.6675660005333333,0.6362997560888889
0.667780795231788,0.6401325640845973
0.6679927636842105,0.6331357242105263
0.6682019613071895,0.6263980575638741
0.668408442077922,0.6302130295492743
0.6686122585806451,0.623761668718894
0.668813462051282,0.6274962042165242
0.6690121024203821,0.6311121213565158
0.6744523513200723,0.6312231120355799
0.6626551748885077,0.6313327066054735
0.6679626907173912,0.6314409312432432
0.6571525884886127,0.631547811475575
0.6470055560493826,0.6316533721988655
0.6523141581123171,0.6317576376985574
0.6573266265040649,0.6318606316677653
0.6480037234285714,0.6319623772252252
0.6528691529538845,0.6320628969325952
0.6441211581636725,0.6321622128111346
0.6488444513210445,0.6322603463577864
0.6533500004733728,0.632357318560691
0.6533670592941176,0.6254244493869969
0.6533839185964911,0.6187364782006297
0.6534005818604651,0.6227420353488372
0.653417052485549,0.6266145260510363
0.6534333337931033,0.6202365166064587
0.6534494290285713,0.6240265904903655
0.6534653413636363,0.6277003775206611
0.653481073898305,0.631264702272442
0.6580612364044943,0.6313387457677904
0.6494555706079527,0.6314119619615146
0.653924048063492,0.6314843646419753
0.6582038678453038,0.6315559672928177
0.6623093707989307,0.6316267831013431
0.66238241071629,0.6253427160465669
0.662454656721504,0.6192468332284922
0.6625261216888239,0.613328631063063
0.662596818215635,0.6075784369014703
0.6666375180185757,0.6074942566757613
0.6705211542716857,0.6074109719843682
0.6742587305820105,0.6073285686124609
0.6663069195481386,0.6072470326444683
0.6699907508551484,0.6071663504562453
0.6700974458531745,0.6109980733333333
0.6702030352035528,0.6147204240658336
0.6703075360039272,0.6183390924028549
0.6704109650012209,0.6218593511601355
0.6740390013573802,0.6218633417635734
0.6775421785325334,0.6218672918532707
0.6809282271156004,0.6218712020430722
0.6842042171378632,0.6218750729344837
0.684370152573913,0.6253729652148148
0.6845344369110966,0.6196417597829037
0.6846970946706844,0.6230773766336634
0.6848581498907688,0.6264249342805288
0.6850176261381073,0.6296885179716024
0.6882553506756617,0.6297287253692179
0.6913911007119741,0.6297685424037496
0.6944306520674357,0.6298079747326337
0.6869947119230768,0.6298470279045093
0.6797898399549676,0.6298857073618215
0.6828768135677655,0.6299240184433498
0.6830126507619394,0.6242739316186039
0.6831472064731494,0.6275705821383648
0.6832804987504514,0.630786533893635
0.6834125453055355,0.6339253139101597
0.6835433635205725,0.6369902321919528
0.6865958861146051,0.6370541369077014
0.6895617515207373,0.6371174526398947
0.6826037951959967,0.637180187493811
0.6855474889497717,0.637242349426687
0.688412225244019,0.6373039462510822
0.6885519809922998,0.6317975342986426
0.688690477679785,0.6264210641164241
0.6888277322445127,0.6211691524174481
0.6889637613220552,0.6242989882302772
0.6890985812522417,0.6273588787869282
0.689232208085701,0.6303515759599846
0.689364657590231,0.6252872313152926
0.6894959452570021,0.6282385554534222
0.6896260863065962,0.6311279333915575
0.6897550956948895,0.6262149491268613
0.6898829881187818,0.6214028680191881
0.6900097780217785,0.624274267586207
0.6901354795994277,0.619577811502146
0.6902601068046184,0.614973666120546
0.6931639181687455,0.6149541595004144
0.6959895938465958,0.6149348181906229
0.6987407879606188,0.6149156400986355
0.6919154776746108,0.6148966231670849
0.685272223306789,0.6148777653730371
0.6788028244074074,0.6148590647272727
0.6816411829045642,0.6148405192735894
0.6844099494723459,0.6148221270881186
0.6845057616460906,0.6101987520438957
0.6846007884741487,0.6131364793691637
0.6846950395729985,0.6160168574693878
0.6847885244027517,0.6115147062370772
0.6848812522703207,0.6143553701273822
0.6849732323325062,0.6099526475242907
0.6850644735990115,0.6056309488774144
0.6851549849353846,0.60844652032
0.6852447750658903,0.6112109787306588
0.6853338525763126,0.6139259175770845
0.6881005752353575,0.6139072198882378
0.6817509875049947,0.6138886694252874
0.6844967246505191,0.6138702644561641
0.6871777686548913,0.6138520032758621
0.6897967207115064,0.6138338842059127
0.6898916392912513,0.6165355640873855
0.6899858249089906,0.6191894094451433
0.690079286021978,0.6217968678290599
0.6901720309578544,0.6243593253875627
0.6840435386345554,0.6243670135592652
0.6866662867427124,0.6243746432657837
0.6807206157036114,0.6243822151714952
0.6833239472677205,0.6243897299307486
0.685870551679198,0.6243971881880526
0.6883625274039029,0.6244045905782607
0.6884452281068343,0.6201439798572356
0.6885273139346507,0.6227118198600952
0.6886087917192982,0.6185379522269503
0.6886896681918819,0.6144340593357933
0.6887699499845201,0.6169851596078432
0.6888496436321572,0.6194942833639213
0.6889287555743373,0.6154826362222553
0.6890072921569377,0.6115354041476584
0.683200983726708,0.6115155679227053
0.6775211610774784,0.6114958749195931
0.6800681680320554,0.6114763235927622
0.6825623658781361,0.6114569124188118
0.6850055955238095,0.6114376398961039
0.687399609693603,0.6114185045443762
0.6874702389967132,0.6139419506382978
0.6875403691528053,0.6100225531987544
0.6876100054345585,0.6125167863904999
0.6876791530406503,0.6086696609858627
0.6877478170970492,0.6111353391715977
0.6878160026582816,0.6135630050904264
0.6901856051974564,0.6135489801058202
0.6847228376470588,0.6135350521799309
0.6870777487545638,0.6135212203087028
0.6817550310429153,0.6135074835018819
0.684094485394426,0.6134938407827789
0.6863896682842073,0.6134802911880384
0.6864514226592455,0.6158975994249776
0.6865127583605547,0.6182779793619515
0.6865736796314497,0.6206223738938939
0.686634190658096,0.6229316924202267
0.6889000115798205,0.622934784764485
0.6911237832478632,0.6229378564241662
0.6933068097904762,0.6229409076061163
0.6954503397139968,0.6229439385144321
