Christopher Eubanks,Christopher O'Connell
0.675792971089109,0.6706444562376238
0.6691675498039216,0.6640695105882353
0.6626707774757282,0.6576222337864078
0.6659143276923076,0.6512989430769232
0.669096096,0.645096096
0.6722178309433963,0.6390102837735849
0.6721659509034268,0.6984587857943926
0.6721150316049382,0.7012508340740741
0.6720650466055046,0.6764687163302753
0.6720159704242424,0.6839553643636365
0.6719677784984984,0.689505316036036
0.6770224879591837,0.6904918757142857
0.6814609741592921,0.6914609741592921
0.6718282755555556,0.6924130708771931
0.6761312180869565,0.6933486093913044
0.6800987389341694,0.6942680179310345
0.6805019354156955,0.7000150149287749
0.6808982980585516,0.7047767924455206
0.681287999144385,0.6889503368067228
0.6816712052121212,0.6940887136296297
0.6820480772952667,0.6986371080991737
0.6714898093989071,0.6994679514754099
0.6762452601876172,0.7002852852032521
0.6806286066359447,0.7010894361290323
0.6847073873066667,0.70188072064
0.688532460952381,0.7026594450793652
0.6890164573228347,0.7072913320544023
0.68949289125,0.7114720579166667
0.6899619386046512,0.7152988497555158
0.6904237698461538,0.7023578357802198
0.6908785502290076,0.6905986520101781
0.6913264400000001,0.6798112884848486
0.6917675945864661,0.6844301332861567
0.6922021647761194,0.674639975721393
0.6926302968888889,0.6654840980584795
0.6930521329411765,0.6701109564705883
0.6934678108029197,0.6616047590128606
0.693877464347826,0.6535480835836628
0.6984073344731274,0.6530974433485939
0.6867427069206349,0.6526532408311689
0.6759412883613288,0.6522153390586718
0.6806696484507042,0.6517836049167735
0.6707815157109557,0.6513579090146218
0.6614936811111111,0.6509381255555555
0.6613203704576802,0.656044099502249
0.6611494339227896,0.660856781369863
0.6609808230550402,0.6654087760544218
0.6608144907125307,0.6697277396257797
0.6515515237350453,0.6696211518017553
0.6567006005333333,0.669515985148718
0.66155688794702,0.6694122114314824
0.6529940136842105,0.6693098031578948
0.6448529247542968,0.66920873355455
0.6496156127643785,0.6691089765434566
0.6541485233192437,0.669010506719603
0.6584727996581197,0.6689132993293886
0.6583126756687898,0.6734719113375796
0.6581545785654008,0.6777989426401447
0.6579984701048218,0.6819166368076339
0.657844313,0.6733443130000001
0.6576920708902692,0.677376836802244
0.6620684572839506,0.6773770992592593
0.6662505526380369,0.677377358495943
0.6702546143089431,0.6773776145712038
0.6740950200926916,0.6773778675425219
0.6741093307441531,0.6689613860240964
0.6741234700105672,0.6730644116566866
0.674137440952381,0.6769945838095239
0.6741512465576054,0.6807655372442942
0.6741648897439447,0.6843894187712418
0.6780163997994988,0.6844482200909682
0.6780611549501662,0.6879632829918291
0.6781053927002478,0.6802454248615759
0.6818619480970626,0.680268212800968
0.6854731016154441,0.680290740306767
0.6855709970761671,0.6727372542424243
0.6856677863734921,0.676328192542373
0.6891918129863985,0.6763207307865169
0.6812703786162442,0.6763133524022347
0.681331697025641,0.6798290912303524
0.6813923378835529,0.6832246492186267
0.6849180773626373,0.68326449285191
0.6850004922404371,0.6865686711704155
0.6850820113043479,0.689765805770751
0.685162649081081,0.6928623487807808
0.6852424197849463,0.6958642056661992
0.6887255371436025,0.6959793238409673
0.6920863454103343,0.6960932173543015
0.6953327025273779,0.6962059056452725
0.6984717659712919,0.6963174077437071
0.6986225563445978,0.6891555345616576
0.6987717759848484,0.6921966497222223
0.6989194493075837,0.6951485052257587
0.6990656002249298,0.6883252065979382
0.6992102521585082,0.6912508390226244
0.699353428051948,0.6940958285086343
0.7024793066666666,0.6941843697930496
0.7055044075186649,0.6942720167210568
0.7084346449011012,0.6943587827754156
0.7008587837333333,0.6944446811692309
0.7037769736947914,0.6945297248526598
0.7039300276742777,0.6973622057014759
0.7040815737327837,0.7001181229994526
0.7042316340456183,0.7028012437076648
0.7043802303554008,0.7054150735609757
0.7072577188349515,0.7055448200832177
0.7100511124448234,0.705673313015873
0.7127648561538461,0.7058005704395605
0.7154030670975896,0.7059266100888584
0.7155902762120396,0.6993233195121136
0.7157757108325137,0.6928938735610395
0.7159593960697758,0.6955844511288776
0.7161413565630259,0.698208560625978
0.7163216164909187,0.7007691508258005
0.7165001995822731,0.7032689861185297
0.7191165007133058,0.7033733262365591
0.7118583958441559,0.7034767046945147
0.7144728902752293,0.7035791347262503
0.717018355728591,0.7036806293239064
0.7194980583573667,0.7037812012434017
0.7196750838383523,0.7062637847475401
0.7198505144951848,0.7086884688288289
0.7200243717828978,0.7110576650707141
0.720196676773399,0.7133736434848486
0.7132241291691149,0.7135027572579125
0.715730487079646,0.7136307284312149
0.7090027077980791,0.713757572105193
0.7115036491907187,0.7138833031153642
0.7139440406903723,0.7140079360381104
0.7163264786086957,0.714131485196311
0.7164722514285715,0.7164341303456743
0.716616767586207,0.7186857331034482
0.7167600432618026,0.7208883010213348
0.7169020943589743,0.7148630223199023
0.7170429365106383,0.7170627147545701
0.7193990127249021,0.7171873594939127
0.7129418197979799,0.717310952378915
0.715294809692713,0.7174335066682447
0.7175945191631798,0.7175550353986682
0.7198430685700483,0.7176755513896713
0.7199832350423958,0.7198551455601659
0.7221875032821724,0.7199797110743802
0.7243442529229699,0.7201032513580247
0.724492691969522,0.7222468883808668
0.7246399192687554,0.7243462033050193
0.726759625438121,0.7244779535223028
0.7288348719338915,0.7246086369362075
0.7289892607070261,0.7187167610752688
0.7291424094096935,0.712950055277954
0.7311825224821622,0.7130456234778948
0.7331809697742364,0.7131404301782345
0.7272027384126984,0.7132344844444445
0.7292049656670603,0.7133277951986686
0.7311678289036948,0.7134203712225446
0.7330926838580294,0.7135122211599587
0.7332452589161392,0.7156859748457793
0.7333966466197115,0.7099838883687519
0.7335468607751938,0.7043995739534883
0.7336959149758076,0.7066026644015444
0.7338438226056476,0.7087626921405509
0.733990596843688,0.7108811039416877
0.7358972903816794,0.710960593304785
0.7301160539116557,0.7110394781860336
0.7320268563636364,0.7111177654545455
0.7339019084628324,0.7111954618757479
0.7357423723021841,0.7112725741133321
0.7358849459033352,0.705835137251929
0.7360264555223881,0.7005040674626866
0.7361669130253142,0.7026670744281653
0.7363063301022927,0.7047897393143842
0.7364447182709541,0.6996205130830895
0.7365820888795518,0.7017332857219252
0.7367184531100646,0.70380800169239
0.7368538219812305,0.6987898664720195
0.7369882063515152,0.7008548730181818
0.7371216169220152,0.702883911758034
0.7389544555871735,0.7029362850164809
0.7407536283620546,0.7029882814888958
0.7425202009211881,0.7030399052267414
0.7442551918441558,0.7030911602236025
0.7443969559624717,0.7050994289763901
0.7445377146615086,0.7070732785393089
0.7446774785994217,0.7090137086702621
0.744816258284251,0.710921678685446
0.746528800201853,0.7109856961871345
0.7482112706759907,0.711049266013986
0.7498645785228012,0.7111123928455284
0.7514895941787438,0.7111750812962963
0.7516348836828645,0.7063212548696179
0.7517791711904047,0.7015495717044335
0.7519224670312266,0.7034875878343574
0.7520647813936867,0.705394144109589
0.7522061243270515,0.7072701009725273
0.7523465057438627,0.7026470317513673
0.752485935422255,0.7045158557920027
0.7526244230082256,0.7063555538045738
0.7542349436095723,0.7064053797047397
0.7558181660545481,0.7064548712028911
0.7573748832107023,0.706504031654232
0.7589058558222224,0.7065528643692308
0.7590493025913622,0.708374765334599
