Daniil Medvedev,Jiri Lehecka
0.647441881980198,0.5844410899009901
0.6410944125490196,0.5787112752941177
0.6348701949514562,0.5828014570873786
0.6287656738461538,0.5771975969230769
0.6227774293333332,0.5717004769523809
0.6169021705660377,0.575741038490566
0.6111367297196262,0.5703602811214953
0.6054780562962963,0.5650791674074074
0.5999232117431192,0.5633353218348623
0.6399239098181817,0.5616231825454545
0.6221468175375375,0.5599418926126126
0.6374252685714286,0.5582906257142857
0.6477135405309734,0.5566685847787611
0.6554821352046782,0.5550750007017543
0.655579392,0.5625671021449276
0.6556749719540229,0.5692116386206896
0.6557689180626781,0.5752245927583527
0.6558612718644068,0.5807504244067796
0.6407459910684273,0.5807721295238095
0.6490969173333333,0.5807934728888888
0.6368454276584021,0.5808144634710743
0.6441936891803278,0.5808351099453551
0.6506340952549889,0.580855420704607
0.656384113548387,0.5808754038709677
0.6564663739733333,0.5719207083323077
0.6565473286772486,0.5637186514285715
0.656627008503937,0.5703035439370079
0.6567054433333332,0.5627230475
0.656782662118863,0.5688487694300045
0.6568586929230769,0.5745785903589744
0.656933562951654,0.5799688435194857
0.6570072985858586,0.5729435612121212
0.6570799254135338,0.578087916820623
0.6571514682587064,0.5714477957123473
0.6572219512098765,0.5763789538937197
0.6572913976470588,0.58109228
0.643509933206064,0.581108638053528
0.6312022883643892,0.5811247590338164
0.6387887056115108,0.5811406480575539
0.6456545005714285,0.581156310095238
0.6519222825865665,0.5811717499763593
0.6576875357746479,0.5811869723943661
0.6577503268997669,0.5741856648951049
0.6578122459259259,0.5792580935042735
0.6578733108965518,0.5841049430804598
0.6579335393607305,0.588747407592955
0.6579929483900226,0.593203835871452
0.6637414550213371,0.5933895508667287
0.6690713428187919,0.593572773043277
0.6581664227555555,0.5937535522574713
0.6479879174473209,0.5939319370449874
0.653320220778032,0.5941079746642468
0.658333094204793,0.5942817111381564
0.6583872083116883,0.5988866888311688
0.658440624172043,0.6033059422434963
0.6584933552136751,0.5963368594871794
0.6585454145222929,0.5896433415634047
0.6585968148523207,0.5832037793596425
0.6586475686373165,0.587600943899371
0.658697688,0.5918451046666666
0.6587471847619046,0.5959470124156454
0.6638989511111111,0.5961054976576576
0.6687546913827276,0.5962620382954733
0.6733455312014454,0.5964166699011206
0.6776981909610389,0.5965694271842752
0.6779185977280551,0.5902163765123652
0.6781363648930709,0.5943671815016122
0.6783515395918367,0.5983842266666666
0.6785641678444632,0.592317874625487
0.6787742945882353,0.5962463730196078
0.6789819637092731,0.5904022376499387
0.6791872180730897,0.594246327103594
0.6793900995540876,0.5886043357225433
0.6795906490640393,0.5923679789705147
0.6797889065795918,0.5869108636790272
0.6799849111688312,0.5905978224242424
0.6801787010169491,0.5941887413720742
0.6846875769701666,0.5942901804540243
0.6742549166480447,0.5943904861384106
0.6786990201577061,0.5944896773151926
0.6829302766850829,0.5945877724568722
0.6869669984415584,0.5946847896299619
0.6871872483258818,0.5892270496174863
0.6874051041897233,0.5839147542710997
0.6876206048550368,0.5787406033430353
0.6878337883088954,0.5736978245323594
0.6917765685309846,0.5736568614912723
0.6955481843161094,0.573616334227218
0.699162063915344,0.5735762358231007
0.7026302009900427,0.5735365595074478
0.702913586098769,0.568503170866783
0.7031940192792794,0.5635956680303029
0.7034715464164683,0.5674129167727608
0.7037462124491503,0.5711364943534093
0.7040180613943174,0.5663709906843502
0.7042871363706564,0.5700176802767207
0.7045534796213473,0.5653733506598985
0.7048171325361725,0.5689469742407682
0.7050781356729594,0.5644164455308802
0.7053365287783784,0.5679205281777777
0.7055923508081217,0.5634971397014925
0.7058456399464812,0.5669349394668698
0.7060964336253495,0.5703003661203163
0.7063447685426603,0.5735961995434591
0.7098693123286265,0.5735648238340008
0.7132528719342792,0.5735337527430807
0.7165054593236715,0.5735029818559377
0.7196361202251407,0.5734725068427095
0.7199272766110397,0.5690924152434562
0.720215660078978,0.5648012391663215
0.7205013100543289,0.5605957011238998
0.7207842652185918,0.5639135700026574
0.7210645635268522,0.5671658584872197
0.721342242224755,0.5703548941134298
0.7216173378650028,0.5662547269591451
0.7218898863233965,0.562230941728395
0.7249778871362739,0.5621592169585253
0.7279539250522722,0.5620881502140673
0.7308252099958489,0.5620177324809741
0.7214771064242423,0.5619479549090909
0.7124744229470785,0.5618788088084464
0.7154884621199923,0.5618102856456456
0.7154884621199923,0.5618102856456456
0.7154884621199923,0.5618102856456456
0.7154884621199923,0.5618102856456456
0.7154884621199923,0.5618102856456456
0.7154884621199923,0.5618102856456456
0.7154884621199923,0.5618102856456456
0.7154884621199923,0.5618102856456456
0.7154884621199923,0.5618102856456456
0.7154884621199923,0.5618102856456456
0.7154884621199923,0.5618102856456456
0.7154884621199923,0.5618102856456456
0.7154884621199923,0.5618102856456456
0.7154884621199923,0.5618102856456456
0.7154884621199923,0.5618102856456456
0.7154884621199923,0.5618102856456456
0.7154884621199923,0.5618102856456456
0.7154884621199923,0.5618102856456456
0.7154884621199923,0.5618102856456456
0.7154884621199923,0.5618102856456456
0.7154884621199923,0.5618102856456456
0.7154884621199923,0.5618102856456456
0.7154884621199923,0.5618102856456456
0.7154884621199923,0.5618102856456456
0.7154884621199923,0.5618102856456456
0.7154884621199923,0.5618102856456456
0.7154884621199923,0.5618102856456456
0.7154884621199923,0.5618102856456456
0.7154884621199923,0.5618102856456456
0.7154884621199923,0.5618102856456456
0.7154884621199923,0.5618102856456456
0.7154884621199923,0.5618102856456456
0.7154884621199923,0.5618102856456456
0.7154884621199923,0.5618102856456456
0.7154884621199923,0.5618102856456456
0.7154884621199923,0.5618102856456456
0.7154884621199923,0.5618102856456456
0.7154884621199923,0.5618102856456456
0.7154884621199923,0.5618102856456456
0.7154884621199923,0.5618102856456456
0.7154884621199923,0.5618102856456456
0.7154884621199923,0.5618102856456456
0.7154884621199923,0.5618102856456456
0.7154884621199923,0.5618102856456456
0.7154884621199923,0.5618102856456456
0.7154884621199923,0.5618102856456456
0.7154884621199923,0.5618102856456456
0.7154884621199923,0.5618102856456456
0.7154884621199923,0.5618102856456456
0.7154884621199923,0.5618102856456456
0.7154884621199923,0.5618102856456456
0.7154884621199923,0.5618102856456456
0.7154884621199923,0.5618102856456456
0.7154884621199923,0.5618102856456456
0.7154884621199923,0.5618102856456456
0.7154884621199923,0.5618102856456456
0.7154884621199923,0.5618102856456456
0.7154884621199923,0.5618102856456456
0.7154884621199923,0.5618102856456456
0.7154884621199923,0.5618102856456456
0.7154884621199923,0.5618102856456456
0.7154884621199923,0.5618102856456456
0.7154884621199923,0.5618102856456456
0.7154884621199923,0.5618102856456456
0.7154884621199923,0.5618102856456456
0.7154884621199923,0.5618102856456456
0.7154884621199923,0.5618102856456456
0.7154884621199923,0.5618102856456456
0.7154884621199923,0.5618102856456456
0.7154884621199923,0.5618102856456456
0.7154884621199923,0.5618102856456456
0.7154884621199923,0.5618102856456456
0.7154884621199923,0.5618102856456456
0.7154884621199923,0.5618102856456456
0.7154884621199923,0.5618102856456456
0.7154884621199923,0.5618102856456456
0.7154884621199923,0.5618102856456456
0.7154884621199923,0.5618102856456456
0.7154884621199923,0.5618102856456456
0.7154884621199923,0.5618102856456456
