Denis Shapovalov,Liam Broady
0.6347686146534653,0.5893897037623763
0.6285453929411765,0.5836113733333335
0.6224430104854369,0.5779452434951458
0.6164579815384615,0.5820034623076924
0.6105869531428572,0.5764605721904763
0.6048266988679246,0.5710222649056604
0.5991741128971962,0.5688008730218069
0.5936262044444445,0.5666206180246914
0.6157030282568807,0.5644803677064221
0.6282875461818183,0.5623790310303031
0.6172218926126127,0.5603155562762764
0.6259966971428572,0.5582889292857144
0.6166642358533502,0.5562981717994101
0.6084353515789473,0.554342339883041
0.6064054789565217,0.5462093423105591
0.604410604137931,0.5562789662068965
0.6024498297435897,0.5486754422792023
0.6005222888135593,0.5570200006779662
0.5986271435294118,0.5498945461268144
0.5967635840000001,0.5432918895555556
0.5876994221487604,0.5415566948760331
0.5796035252459016,0.5398499460109291
0.5892298084848485,0.5381709491598916
0.5815454038709678,0.5365190329032259
0.589816117563077,0.5348935473066667
0.5972578351020408,0.5332938630687831
0.58985535496063,0.5317193707086615
0.596575235,0.5301694797916667
0.5895566399270405,0.5286436181912145
0.5957304877948718,0.5271412313846154
0.5890401653354761,0.5256617817811706
0.5947850763636364,0.5242047480808081
0.6001948555961332,0.5227696246616542
0.605310672238806,0.5213559209950249
0.6045305931851852,0.5332585077150997
0.603761985882353,0.54380096697479
0.6030045991240875,0.5532483704136254
0.6022581889855072,0.5445895657971015
0.601522518561151,0.5365984432331782
0.6007973577142858,0.54504384184127
0.5937611754054888,0.5443303709377463
0.5870537329577464,0.5436269489201878
0.5806407697902098,0.542933364972805
0.5862452943589744,0.5422494141358025
0.5800802074482759,0.5415748971034483
0.5791511953729072,0.5501221490699352
0.5782348229176115,0.5420296604081634
0.5773308338738738,0.5499020468725869
0.5764389789112603,0.5422891768639415
0.5755590153481481,0.5496093570550725
0.5746907069315673,0.5564792058278146
0.5806216264661654,0.5561076321052631
0.5862603723957629,0.5557409155555556
0.5799456498701299,0.5553789615584417
0.5853195697148803,0.555021677935484
0.5792412184615385,0.554668974871795
0.584382125581934,0.5543207648407644
0.5837521658304565,0.5613187346835444
0.5831301301010101,0.5536374847798743
0.5825158698181818,0.5602466949444445
0.5819092400978731,0.5665026801774623
0.5813100996333708,0.5592427506002555
0.5807183105856107,0.5523212274846626
0.5801337384774575,0.5457079391188042
0.5795562520918274,0.5516870307878788
0.578985723373494,0.5573997595180723
0.578422027334422,0.5628679539837972
0.5720930361904761,0.5626688100000001
0.5776681407945901,0.5624720227497391
0.5715716802091504,0.5622775506435986
0.5769132784826932,0.5620853530650155
0.5710284490575276,0.5618953903419973
0.5761603043011709,0.5617076237198233
0.5811013222988506,0.5615220153346856
0.5754114053351916,0.5613385281882354
0.5698983310822512,0.5611571261229946
0.5645513195953226,0.5609777737986043
0.5639926957721453,0.5666922315890851
0.5634403135559309,0.5599039358907512
0.5628940689198967,0.5653977962402403
0.5623538601361943,0.5706713700261705
0.5618195877127524,0.5757404963539026
0.5668047346646796,0.5756769010956986
0.5716211779710145,0.575613997090301
0.5662908323948297,0.5755517731282052
0.5709501960375201,0.5754902182409705
0.5657707490909092,0.5754293216947759
0.5607327262179765,0.5753690729841789
0.56524672,0.5753094618260752
0.5696277744148607,0.5752504781538462
0.5692119016610204,0.5803840841884818
0.5688003609150327,0.5853230136280488
0.5683930848399878,0.5786073431236122
0.567990007487366,0.572131321438504
0.5675910642614379,0.5769519631142191
0.5671961918847539,0.5707229255782313
0.566805328364686,0.5646992456058265
0.5664184129609824,0.5693996264517516
0.5660353861543009,0.5635847240201005
0.5656561896156863,0.5579479228489796
0.5702071148258707,0.5578119244512134
0.5746232387670465,0.5576772725722369
0.5695154191133005,0.5575439473127577
0.5738092383600712,0.5574119291636654
0.568837219902439,0.5572811989965157
0.5730167701039006,0.5571517380542897
0.5727064085566574,0.561876135652174
0.5723990312550606,0.5562732243665158
0.5720945953630487,0.5608644391019506
0.5717930588604846,0.5554360363198563
0.5714943805238214,0.5501607376092681
0.5711985199073155,0.5546363468610634
0.5709054373247673,0.5589862646277666
0.5706150938317757,0.5632166358878505
0.5748576218636728,0.563126603391269
0.5698827820715631,0.5630374045289148
0.5740167284792628,0.5629490277758914
0.5691690054805234,0.5628614618187672
0.5644366670319635,0.5627746955507491
0.5684727774199134,0.5626887180669857
0.5724083940271494,0.5626035186599985
0.5762478139431739,0.5625190868152363
0.5760093794549845,0.56677322441936
0.575773073846154,0.5709120191222761
0.575538868731624,0.5656816003555556
0.5753067362287271,0.5605853739213695
0.57507664894612,0.5556173316015347
0.5748485799730094,0.550771838279031
0.5786931047558554,0.5506540989145352
0.5824451145593771,0.5505373833706005
0.586108406254138,0.5504216783508555
0.5814406843778112,0.5503069707881774
0.58502845527897,0.5501932478397711
0.5848482359951159,0.5543412823931624
0.5846695504924012,0.5495478497675942
0.5844923792736078,0.553599882208526
0.5843167031705847,0.5489262626966434
0.5841425033373349,0.5528873260899654
0.5839697612432755,0.5567556149123766
0.5875543272112675,0.5566700993671498
0.5829320750207468,0.5565852934944976
0.5864456580912487,0.5565011884968261
0.5898821391346902,0.5564177757213575
0.5932443855737706,0.5563350466571633
0.5931086942040817,0.5517192539708455
0.5929741060162602,0.5555658745952136
0.5928406076113361,0.5593253444534413
0.5927081858064516,0.5630010100441891
0.5925768276305221,0.5665960406990123
0.5959202045305263,0.5665458727524324
0.5991926070347182,0.5664961045504469
0.5946635707285308,0.5664467313341914
0.5902245847961175,0.5663977484200406
0.5934512995275592,0.5663491511981273
0.5891087889847495,0.5663009351308956
0.5922805671951219,0.5662530957516893
0.5880298765477474,0.5662056286633717
0.5838582930380214,0.5661585295369789
0.5797632776198047,0.5661117941104039
0.5796148668235295,0.5697244618461539
0.5794675932747352,0.5732584879048195
0.5793214439515042,0.5686866127768415
0.5791764060299709,0.5642103971063666
0.5790324668805704,0.5598264502454929
0.5788896140643729,0.5555315474716982
0.5748207810316488,0.5554637596992482
0.5708257702423695,0.5553964797003745
0.5740257567435549,0.5553297017910448
0.5771661616941648,0.5552634203717473
0.5732529509135802,0.5551976299259259
0.5694074991800819,0.5551323250184502
0.5692533264899806,0.5508713310856935
0.5691002832701364,0.5544235471526847
0.5689483571540868,0.5502530070635828
0.5687975359552448,0.5537394912
0.5686478076636408,0.5571573148678601
0.5684991604427342,0.560508730034422
0.5646805586237097,0.5604583807461938
0.5678260144694954,0.5604083923847629
0.5709153961823707,0.5603587610830565
0.5739503599026035,0.5603094830290491
0.5702096811347518,0.5602605544647864
0.5665304767680595,0.5602119716854301
0.569522123736706,0.560163731038323
0.5659064815849726,0.5601158289220727
0.5688518534265734,0.5600682617856563
0.5717485299644669,0.5600210261275423
0.5716197276567657,0.5633767292049808
0.5714918167145158,0.5592362255048757
0.5713647879166952,0.555173345490895
0.5712386321690314,0.5511856589232531
0.5711133405018309,0.5472708402559086
0.5739940530067591,0.5472032692225182
0.5768277490997953,0.5471361578560217
0.5732597629830508,0.5470695014818403
0.5760528043243243,0.5470032954885655
0.5788016259602312,0.5469375353268954
0.5786954789312397,0.5430627782083455
0.5785900419158201,0.5392576504995146
0.5784853078138366,0.5355200655148936
0.5783812696195074,0.531848022647316
