Grigor Dimitrov,Holger Rune
0.6053035651485148,0.6134491097029703
0.6091731380392157,0.6074349027450979
0.612967573592233,0.6015374765048543
0.6070736546153847,0.5957534623076923
0.6012920007619047,0.5900796198095237
0.5956194347169811,0.5845128309433962
0.5900528979439252,0.5790500942056075
0.5938487044444445,0.5736885192592592
0.597574863119266,0.5684253218348624
0.6012332734545455,0.5632578189090909
0.6012221628828828,0.6572825232432432
0.6012112507142857,0.6067710721428572
0.6012005316814159,0.5866521541002949
0.6011900007017543,0.6048978954385964
0.6011796528695652,0.6170292180869564
0.6011694834482758,0.6260778167816091
0.6064430931468531,0.6264247300284901
0.611319153220339,0.6267657633898305
0.615878203645766,0.6271010650980392
0.6201781197142857,0.6274307784444444
0.620955868429752,0.6360195047933884
0.6217208671662764,0.6431013121311475
0.6224734268989547,0.6491646257633242
0.6232138485714286,0.6351480651612903
0.6239424234971428,0.6411214260945454
0.6285898948148148,0.6418051665800866
0.6196705518110236,0.6424781394989263
0.6242216090808823,0.6431405972159091
0.6285279420499569,0.643792784270613
0.6204767374574899,0.6444349376783216
0.6246996952671755,0.6450672872172103
0.6252701521212121,0.6511996975757576
0.6258320306766917,0.6567141012377096
0.6263855229850745,0.6617361626439232
0.6269308154074074,0.6490742721975308
0.6274680888235293,0.6541055888235294
0.6189950857420925,0.654805548029197
0.6109962192885375,0.6554953628985507
0.615614695602127,0.6561752523741007
0.6200166196190475,0.6568454291428572
0.6242245395744681,0.657506099858156
0.6168816798699892,0.6581574653521127
0.6098582807977209,0.6587997208391608
0.614037321984127,0.659433056111111
0.6073565142259215,0.6600576557241379
0.6114314617351598,0.6606736991780822
0.6153621818038183,0.6612813610884354
0.6090247302702703,0.6618808113513514
0.6128689816229408,0.6624722153020134
0.6067867534745098,0.6630557338666666
0.6008984111258278,0.6636315237086092
0.6046936701169591,0.664199737368421
0.6083765099735029,0.6647605233986927
0.6027264325085441,0.6653140264935065
0.606334283394541,0.6658603876129032
0.6098439748717949,0.666399744102564
0.6099405100636943,0.672271308115399
0.6100358232911393,0.6572610694233474
0.6101299376100628,0.6435646612115193
0.6102228755,0.6309897505
0.6103146588819877,0.6374225263768115
0.6104053091358024,0.6260055897194163
0.6046030320634446,0.6260691360178472
0.5989688913124274,0.6261319073614191
0.6026544585539112,0.6261939178402204
0.5972027715662651,0.6262551812048193
0.6008123358083832,0.626315710876429
0.6043271692132505,0.6263755199567099
0.6077522376633513,0.6264346212372243
0.602513686745098,0.6264930272085562
0.605877472719895,0.6265507500691121
0.6007887213953489,0.6266078017336152
0.6040936942173863,0.6266641938413031
0.6073225380371352,0.6267199377638453
0.6073686070505494,0.6335508774757763
0.6074141525524476,0.6399149246969698
0.6074591834159061,0.6458664411299435
0.6075037083146068,0.6514514611235955
0.6107504990239274,0.6516797082251826
0.6139223913909465,0.6519054192478633
0.6088861179708689,0.6521286362260943
0.6120091213186813,0.6523494002704987
0.6150640038884094,0.6525677515931063
0.6151537590160183,0.65798625647343
0.6152425438179232,0.6466861162625482
0.6153303739445387,0.6519822844493882
0.6154172647115114,0.6414885565775401
0.6155032311086226,0.6466556558819492
0.6155882878084098,0.6368497887830687
0.6156724491745151,0.6275320386985646
0.6157557292697713,0.6186609551462889
0.6188818502729885,0.6186556744362746
0.6219376433406516,0.6186504484486437
0.6168504815120275,0.618645276337174
0.6198634102463221,0.6186401572730015
0.6228119589335088,0.6186350904441776
0.6229254073161945,0.624009079448876
0.6230377097556208,0.62913874338945
0.623148883527314,0.6340430969659107
0.6232589455612902,0.6387391688210526
0.6261981035331281,0.6388344701544908
0.6211851984158416,0.63892882791037
0.6240862376051535,0.6390222560331864
0.6269276266547831,0.6391147681940144
0.6297116290760829,0.6392063777971759
0.6298427202840168,0.6438108094498382
0.6299725449102315,0.648228792657005
0.6301011212227325,0.652473354043152
0.6302284671398986,0.6565562911095921
0.6329989415574229,0.6567178144399093
0.6357140288151658,0.6568778067433987
0.6308285852830189,0.6570362896855346
0.6260419140170601,0.6571932845249273
0.6213504365109034,0.6573488121228304
0.6167507604867792,0.657502892952381
0.6168127337544393,0.6490320287941429
0.616874135839909,0.6531386513950566
0.6169349746034938,0.6570974723343527
0.6169952577619315,0.6609176656422473
0.6170549928916562,0.6646076328588008
0.6198507304586034,0.6647774067353422
0.615265736096096,0.6649456511175005
0.6107688320793014,0.6651123865814331
0.6135462561549165,0.6652776333358663
0.6091499422358975,0.66544141123026
0.6118918531600761,0.6656037397627566
0.6145844056387666,0.6657646380879183
0.617229178388564,0.6659241250242627
0.6172833288306647,0.6695779916157205
0.6173370083993559,0.6731108823354037
0.6173902232098765,0.6651877059740259
0.6174429792720306,0.657528428336714
0.6174952824924496,0.6610956358666227
0.6175471386767963,0.6645535465441057
0.6201932603300467,0.6646963536122039
0.6227925151439657,0.6648379504509114
0.6184647100020093,0.6649783523795876
0.62103465678695,0.6651175744601237
0.623560706766566,0.6652556315023288
0.6236272658372093,0.6686536608271605
0.6261173475919302,0.6687990966897188
0.6285658380465815,0.6689433306029997
0.6286446916872428,0.6722566258436213
0.6287228989865872,0.6754733726932085
0.6311430289896813,0.6756317904139941
0.6335234601264679,0.6757889201858305
0.6336126588933872,0.6789279440698913
0.6337011383154122,0.6819789269076753
0.6294781352786972,0.6821482401772607
0.631846988146087,0.6823161989406896
0.6319279719106184,0.6750991454331825
0.6320083129468599,0.6781416405291005
0.6278471837919164,0.6782939133596838
0.6237540646473447,0.6784449871916011
0.6261253955665635,0.678594876130719
0.6284596096874999,0.6787435940625
0.6244598270191344,0.6788911546562906
0.6267716614396457,0.679037571369509
0.6290484126172926,0.6791828574517375
0.6291153981320902,0.672097097407314
0.6291818703479237,0.6751587149276974
0.6292478351422623,0.6781398694438386
0.6293132983031839,0.6810441447908746
0.6293782655310682,0.6838749070629371
0.6316440003018868,0.6840228391988389
0.6338755924990696,0.6841696590630422
0.636073927008886,0.6843153791529818
0.6382398561165049,0.6844600117795637
0.6383214706839426,0.6872395947549849
0.6384024806990292,0.6805533513189608
0.6384828928542257,0.6740377949555025
0.6385627137435751,0.6768503221184996
0.6386419498645044,0.6795962954264783
0.6387206076195876,0.6733342019985606
0.6387986933182701,0.6760607033212122
0.6388762131785564,0.6787254459916616
0.6410409833490697,0.6788467576202957
0.6431738372182254,0.6789671965034
0.6452755788354635,0.6790867720253351
0.6473469835967957,0.6792054934363991
0.6474379096205142,0.6818273851072425
0.6475281907788162,0.6843913478014184
0.6476178339077308,0.686899542778501
0.6477068457470054,0.6893540207682458
0.6497612504431449,0.689487068861244
0.6517863267055881,0.6896191865479975
0.6537827877351916,0.689750383554007
0.6557513222247248,0.689880669469697
0.6558514376657627,0.6839123452328986
0.6559508626554831,0.6863688540515058
0.6560496043119408,0.6887744332646047
0.656147669655683,0.6911308627803145
0.6562450656114135,0.6854068728277699
0.6563417990096219,0.6877528025014343
0.6523969106828087,0.6878719169548704
0.6543688587969385,0.6879902265809182
0.6563135816976786,0.6881077395091477
0.6582317160548585,0.6882244637600066
0.6601238775596817,0.6883404072466455
0.6602223152091955,0.6906548510603174
0.6603200987879483,0.6929240026109048
