Guido Pella,Roman Safiullin
0.5323618819801978,0.6371809908910891
0.5369465694117646,0.6309341184313726
0.5414422337864077,0.6248085444660195
0.5362360584615384,0.6188007700000001
0.5311290483809523,0.6129074293333334
0.5355523592452829,0.607125283773585
0.5398929914018691,0.6014512157009346
0.5348939822222221,0.5958822229629631
0.5299866979816513,0.5904154135779818
0.525168637090909,0.5850480007272728
0.5240409917117116,0.5797772980180181
0.5229334828571428,0.5746007150000001
0.5218455759292034,0.6078638355162242
0.5207767550877191,0.6259235094736844
0.5197265224347825,0.6117850441739131
0.5186943972413792,0.6007639087356323
0.525605323139083,0.5984781773219373
0.5319368650847456,0.5962311871186441
0.525527570161603,0.5940219614565828
0.5314045839999999,0.5918495562222224
0.5253599180165288,0.5897130585123969
0.5308897547540983,0.5876115853551913
0.5306386185365852,0.5766399077351917
0.5303915329032257,0.567381290967742
0.5301484006399999,0.5815089073066667
0.5299091276190475,0.5932958736507937
0.5296736226771652,0.6033701366356479
0.5294417974999999,0.5939214589583335
0.5292135665116278,0.60263484856291
0.5289888467692307,0.593941714901099
0.5287675578625953,0.6016942499745548
0.5285496218181818,0.608752121818182
0.5210373071030516,0.6079344366917294
0.5281235080597014,0.6071289558208957
0.5347377978635477,0.6063354080000001
0.5409452211764705,0.6055535300000001
0.5467985928675703,0.6047830662773723
0.5469770709730848,0.5959248769650469
0.5471529810483041,0.603275396258993
0.5473263781224489,0.6100565118496242
0.5474973156636271,0.6163495041134752
0.5476658456338027,0.6222202822535212
0.5400216470947234,0.6218650954645355
0.5460980228985506,0.6215148418253968
0.5518520695172413,0.621169419270936
0.5447160964383561,0.6208287285322897
0.5502308482679225,0.6204926730417881
0.5554932062462461,0.6201611588416989
0.5557421954163558,0.6262404398291642
0.5559878647308641,0.6319337512579711
0.5562302801471669,0.6372866230463576
0.5564695058869394,0.6423373689473685
0.5493742769000933,0.6423220920261439
0.542608139793999,0.6423070135064936
0.5479691403010752,0.6422921295483872
0.5531069173862696,0.6422774364102565
0.5580401278980891,0.6422629304458599
0.562785222984273,0.6422486081012659
0.563057395204879,0.6473723468988873
0.5633261652727273,0.6522205005000001
0.5635915965819687,0.6568207280922804
0.5638537509614665,0.6611969183312049
0.5572231509779862,0.6613715088470489
0.5620033541463414,0.6615439702102608
0.5666107412255892,0.6617143411327064
0.5603120079713448,0.6618826593934359
0.5647974949637566,0.6620489618666117
0.5691351424175823,0.6622132845484402
0.5694088079380973,0.6665992904142012
0.5696792538642533,0.670780584910816
0.5699465366801619,0.6747750297076025
0.5702107115563506,0.6785983514164906
0.5639800582658958,0.6788797061902261
0.5641870694252873,0.6825692229073699
0.5643917147428571,0.6861118045387755
0.5582747440798226,0.6864342212337663
0.5627225051600753,0.6867529948022599
0.5629051770144462,0.6901982026966293
0.5630858078425112,0.693514323261362
0.5571120999276484,0.6938656701141142
0.5572462615238339,0.6853010530735679
0.5573789488167646,0.6770718403944773
0.5575101859753462,0.6804933337704918
0.5576399966430738,0.6726625773170731
0.5577684039522313,0.6760517069961391
0.5578954305376344,0.679329462795699
0.5580210985499315,0.6825027131161887
0.5581454296684809,0.6751758396690308
0.5582684451138181,0.67832331305268
0.5583901656597308,0.6813771739932811
0.5630433369252736,0.6815972110682857
0.5568963835185184,0.6818149560904256
0.5614274953457985,0.6820304446874657
0.5555079901030928,0.6822437117525775
0.5599241884444444,0.6824547914631752
0.5542127190670553,0.6826637172991751
0.5585205587817259,0.6828705220606979
0.5627050954723707,0.6830752378852354
0.5628333879278746,0.6757803019095479
0.5629603974588235,0.6789192575428572
0.5630861432133449,0.6719168163184079
0.5632106439603959,0.675026139009901
0.5633339180991016,0.6780479882682835
0.56345598366782,0.6713679101220865
0.5635768583529411,0.6743617998482385
0.5636965594974299,0.6772762934157106
0.5579677261389817,0.677429987211243
0.5622036605805514,0.6775822031818182
0.566321256806663,0.6777329625402349
0.5703264289523808,0.6778822860952382
0.5742246787813134,0.6780301942610945
0.5743799532075471,0.6809211324528303
0.5745337696579476,0.683737003917305
0.5746861485714285,0.686481328121173
0.5748371100066445,0.6891573925675996
0.569266354333983,0.6893409859322034
0.5731428495661846,0.6895228871920644
0.5769199544954129,0.6897031196330276
0.5806022073668189,0.6898817061156257
0.584193856548435,0.6900586690847457
0.584369227422298,0.6927086579788839
0.5845430183783783,0.6952940544144144
0.5847152506711755,0.6978176887718792
0.5848859451756441,0.7002822169104309
0.5884336992802867,0.7004855481509701
0.5918962392920353,0.70068708
0.5865354629074889,0.7008868362380254
0.5899430334143049,0.7010848402283487
0.5932727474712187,0.7012811149261802
0.5934600991620553,0.7037186090434784
0.5936458287603306,0.7061001135664335
0.5938299572413792,0.7084279313793105
0.5940125052204447,0.7107042319748895
0.5887544875213675,0.7109200003418803
0.5836208639198999,0.7111339323823437
0.578606604981577,0.7113460514394132
0.5819649491018686,0.7115563804622458
0.5770840960871108,0.7117649420142983
0.5772035509269844,0.7140142164312084
0.5773220103098591,0.7162146331835748
0.5774394866273157,0.7100100536810907
0.5775559920661156,0.7122119011570249
0.5776715386124152,0.7143678649839964
0.5810186478688524,0.71457082
0.5761869810366228,0.7147721182403628
0.5714608166293123,0.7149717799096658
0.5668362351417003,0.7151698248852901
0.5701618105942274,0.7153662727240143
0.565648482561936,0.7155611426684516
0.5657235509693506,0.7176950929227397
0.5657980212221244,0.7116555790847421
0.5658719004411461,0.7137907939682541
0.565945195634721,0.7158831540503434
0.5660179137007874,0.7100601577952756
0.5660900614290807,0.7121524306807442
0.5694083987499999,0.7123253128125
0.5649271268443087,0.7124968495580166
0.5605370158139534,0.7126670565613198
0.556234928093808,0.7128359492248293
0.5520178755422139,0.713003542714004
0.5520521963629568,0.715071881581066
0.5520862551927016,0.717100305648855
0.5521200550199388,0.719090160375534
0.5521535987878787,0.7210427275757576
0.54797861589634,0.7212210292940635
0.5513139190261367,0.7213979903979462
0.554585889261952,0.7215736259504888
0.5505074326136759,0.7217479507899527
0.5465053137187539,0.721920979533956
0.5425771215084174,0.7220927265835593
0.5425771215084174,0.7220927265835593
0.5425771215084174,0.7220927265835593
0.5425771215084174,0.7220927265835593
0.5425771215084174,0.7220927265835593
0.5425771215084174,0.7220927265835593
0.5425771215084174,0.7220927265835593
0.5425771215084174,0.7220927265835593
0.5425771215084174,0.7220927265835593
0.5425771215084174,0.7220927265835593
0.5425771215084174,0.7220927265835593
0.5425771215084174,0.7220927265835593
0.5425771215084174,0.7220927265835593
0.5425771215084174,0.7220927265835593
0.5425771215084174,0.7220927265835593
0.5425771215084174,0.7220927265835593
0.5425771215084174,0.7220927265835593
0.5425771215084174,0.7220927265835593
0.5425771215084174,0.7220927265835593
0.5425771215084174,0.7220927265835593
0.5425771215084174,0.7220927265835593
0.5425771215084174,0.7220927265835593
0.5425771215084174,0.7220927265835593
0.5425771215084174,0.7220927265835593
0.5425771215084174,0.7220927265835593
0.5425771215084174,0.7220927265835593
0.5425771215084174,0.7220927265835593
0.5425771215084174,0.7220927265835593
0.5425771215084174,0.7220927265835593
0.5425771215084174,0.7220927265835593
0.5425771215084174,0.7220927265835593
0.5425771215084174,0.7220927265835593
