Hubert Hurkacz,Novak Djokovic
0.6037137631683168,0.6664860403960396
0.6075989223529411,0.6599518635294118
0.6016999036893204,0.6535445638834952
0.6055297123076923,0.6472604815384616
0.6092865721904762,0.6410960960000001
0.6110857554716981,0.6916517932075472
0.6128513091588784,0.6945335521495327
0.6145841674074073,0.6973619451851852
0.6162852300917431,0.7001384411009175
0.6058341522424242,0.7028644552727273
0.6111011976319176,0.7055413520720721
0.6158490185714285,0.7081704471428572
0.620231868947886,0.7107530095575222
0.6120621936842104,0.7132902638596492
0.616384182513834,0.7157833920000001
0.6173401182445141,0.7182335351724138
0.6182797131934732,0.7206417955555556
0.6192033828043143,0.7230092379661017
0.6201115285561496,0.7253368914285715
0.6109035284444444,0.7276257506666667
0.6158144761856325,0.7298767775206612
0.6204047196252926,0.732090902295082
0.6247297296476965,0.7342690250406505
0.6288313716129033,0.7364120167741937
0.6298007206399999,0.7385207206400001
0.6307546831746031,0.7405959530158731
0.6316936226771653,0.7426385045669291
0.63261789125,0.74464914125
0.636833803629731,0.7466286052713179
0.6408340262564103,0.7485776160000001
0.6446471319887505,0.7504968708396947
0.6482961369696969,0.7523870460606061
0.649436767518797,0.7351626206130712
0.6505603737313432,0.7379590944136462
0.6516673339259259,0.7406056055308643
0.6527580152941176,0.7431256623529412
0.6538327743065693,0.7455373685530271
0.6444019640027605,0.7469550432054561
0.6355304060693263,0.7483523196614474
0.639573624795031,0.7497296350252101
0.6434403551773049,0.7510874140008343
0.6471485216901408,0.7524260693289146
0.6391480210005378,0.753746002204854
0.6428311296707818,0.7550476026797386
0.6463799315862069,0.7563312500446248
0.6470896580821918,0.7586269487975648
0.6477897284353741,0.7608258902685285
0.6484803383783784,0.7467235816216217
0.6491616783892616,0.7336583226845639
0.6498339338666665,0.7366460550787879
0.6504972852980132,0.7248048004146272
0.6511519084210526,0.7279501540350878
0.6517979743790849,0.7309483011764706
0.6554584890998656,0.7316564290909091
0.6589790757849463,0.7323554198709679
0.662371338395368,0.7330454492307692
0.6656454782165604,0.7337266884076434
0.6663771524050632,0.7366583111197664
0.667099623144654,0.7394613165991148
0.667813063,0.7421478844285714
0.6685176402484472,0.7447285526493896
0.6717504625215114,0.745452876185611
0.6724629062353596,0.7479453379141106
0.6731666616112342,0.7503477168528718
0.6763196190231728,0.7510787473079179
0.6793680125301205,0.7518009701671201
0.680090359760479,0.7541322759281437
0.6808041076190476,0.7441194034343435
0.6837776533333333,0.7447369504464767
0.6866579225691574,0.7453472321996435
0.6873839628512723,0.747800664382525
0.6881015608045253,0.7501707895016612
0.6798073354183145,0.7507891251527663
0.6718285459946949,0.751400353497537
0.6723851301274726,0.7537052766476191
0.6729353894405594,0.7442657145208845
0.6734794311342894,0.7466508211477847
0.6740173599999999,0.7489611802247191
0.6745492784873227,0.7512016205586592
0.6750752867692307,0.753376516704607
0.6781772932596685,0.7539305610133405
0.6811818136263736,0.754478516923077
0.6840949496955503,0.7550204842436359
0.6869222539737108,0.7555565606150584
0.6874832021923318,0.7576877456061776
0.6880381187096773,0.7490058606451613
0.6885871002910084,0.751198828818668
0.689130241642751,0.7429289661465721
0.689667635466962,0.745168408520819
0.6901993725140758,0.7473470586517357
0.6821637272156116,0.7477786826066615
0.6744072978703703,0.7482058104787235
0.6773883919441315,0.74862851215522
0.680283969484536,0.7490468560824742
0.6729491798974359,0.7494609093027824
0.675841255093711,0.7498707374902301
0.6786552795939086,0.7502764049854196
0.6813952856090315,0.7506779748291426
0.681813931823825,0.7424753270351759
0.6822283915764705,0.7447387157061225
0.6826387273514779,0.7469407466666667
0.6830450003960395,0.7490846043564356
0.683447270750507,0.7511732364683592
0.6763484807843136,0.7515445592156862
0.6791237712139899,0.7519122593020638
0.681828017288745,0.7522763894846901
0.6750663113219149,0.7526370015013006
0.6777648561538461,0.7529941460946745
0.6803978959590362,0.7533478730364371
0.6807502200969089,0.7455255861850854
0.6810992046694936,0.7476755190731964
0.6814448969347897,0.7497710080960549
0.6817873432633226,0.7518146415560027
0.6821265891588785,0.7538088321495326
0.6755056314867682,0.754137913876785
0.6690623285247959,0.7544639485510072
0.6627884335483871,0.7547869782973563
0.6655497439374342,0.7551070444680509
0.6682468393695684,0.7554241876600176
0.6708824440865799,0.7557384477320575
0.6649042537556562,0.7560498638215449
0.6675246607900207,0.7563584743606764
0.6700880517244191,0.7566643170922824
0.6725966841257995,0.7569674290852131
0.672857780123383,0.7589482930758621
0.6731165655369171,0.7608812295425229
0.6733730709027549,0.7627683850807636
0.6736273262215239,0.7646117698360656
0.6761049399845878,0.7649237951807575
0.6785306373988658,0.7652331072615824
0.6809063887198517,0.7655397413157334
0.6832340575327829,0.7658437319728661
0.6835054945100647,0.7676544084840095
0.6837746115131815,0.7694241402143536
0.6840414381588253,0.7711546386382979
0.6843060035617092,0.7728475133767927
0.6866037556118143,0.773156822797793
0.6888558521837227,0.7734635329799612
0.6832046062377021,0.7737676765497266
0.6854517642222222,0.7740692855897435
0.6799577880585279,0.7743683916501756
0.6745777576558978,0.7746650257596949
0.6768522225514403,0.774959218436214
0.6790844633907449,0.7752509996973518
0.6793093317654353,0.7769199718787879
0.6740857320325203,0.7772108860113329
0.6763124054820813,0.7774994445638572
0.6765224161927519,0.7702281557149735
0.676730740070405,0.7719363409780298
0.6789247505639024,0.7722015367905883
0.6810796561532184,0.7724646194891024
0.6812933867202142,0.774139706436623
0.6815054277175104,0.7671403899265952
0.6764111158005249,0.7673822444094489
0.6714132713633219,0.7676222019943979
0.6715938720955882,0.7607488663996479
0.6717730673746853,0.7625208866061393
0.666840533030467,0.7627415205512489
0.6690557332339235,0.7629604507593307
0.671232863944056,0.7631776968888889
0.6733730688845838,0.7633932782971478
0.6754774430534352,0.7636072140458016
0.6756551798563583,0.7568624186593053
0.6758315701683502,0.7502721471089271
0.6760066292327044,0.7521324153962264
0.676180372063492,0.7539546322754254
0.6763528134498543,0.7557401593540543
0.676523967960199,0.7574902901951781
0.6786115934997344,0.7576769147955391
0.6738207845152979,0.7578621569914531
0.6758990349339364,0.7580460320862901
0.6779434632165207,0.7582285551583711
0.6732845019317524,0.7584097410650887
0.6753196718248176,0.75858960444694
0.6754776002909091,0.7603172435590333
0.6756343843478261,0.7540401814492754
0.6757900363898917,0.7478950972269021
0.6759445686330935,0.749685795164064
0.6760979931182796,0.7514424354035496
0.6762503217142857,0.7531661380408163
0.6782692056264445,0.7533243334485682
0.6802561451671731,0.7534814069030733
0.6822120112046257,0.7536373702978294
0.6841376411267606,0.7537922353588196
0.6842985616842105,0.7554915441403509
0.6844583569230769,0.757159609159213
0.6846170386062718,0.7587974222820297
0.6847746183333333,0.7604059314646465
0.686679368874576,0.760566527486631
0.6821318183962136,0.7607260159498432
0.684030103034064,0.7608844082724149
0.6858999396838776,0.7610417157160647
0.6877420594311717,0.7611979493887683
0.6878971317913832,0.7627854091997248
0.6880511528135592,0.7570003053559322
0.6882041331531531,0.7586008760498961
0.68835608332211,0.7601737771687893
0.6885070136912752,0.7617198303182507
0.6903312787429797,0.7618694349422807
0.6921288049395639,0.7620180422021506
0.6939002623551126,0.7621656620383668
