Jannik Sinner,Novak Djokovic
0.5725256443564356,0.62688208
0.5669126478431372,0.6305400988235295
0.561408641553398,0.6244183502912621
0.5560104815384616,0.6184143276923078
0.5507151436190476,0.6125246674285715
0.5455197177358491,0.6161800950943397
0.5404214026168224,0.6104214026168224
0.5354175007407407,0.6140286118518519
0.5305054135779816,0.6175696337614679
0.525682637090909,0.6210462734545454
0.5209467574774774,0.6208566673873873
0.5698668757142857,0.6206704471428571
0.5884226260766962,0.6204875228318584
0.5686411410526315,0.6203078077192983
0.5550007833043478,0.6201312180869565
0.5444691673563218,0.6199576731034483
0.5426645875783476,0.6118616867754467
0.5408905938983051,0.6170770345762712
0.5391464152380953,0.6219109056496445
0.5374313062222222,0.6264352744761905
0.5357445461157024,0.6191329758677686
0.5340854378142076,0.6234843449180327
0.5502620563995354,0.6234966673170732
0.5631055651612903,0.6235087909677419
0.5737118317511111,0.62352072064
0.5621038895238095,0.6235324609523809
0.57127844730136,0.6235440163779528
0.5710766980681817,0.6283807588970589
0.5708780767300916,0.6204442814125755
0.570682511104895,0.6250958346234817
0.5704899312144344,0.6176724433587787
0.5703002692011019,0.6106121542857142
0.5701134592481203,0.6151510532330827
0.5699294375033921,0.6194831511486049
0.569748142006734,0.6236302968888889
0.5795962505882353,0.6236403682352941
0.5882797142279618,0.6236502925547445
0.5960410254244306,0.6236600730434783
0.6030582020143884,0.6236697128057553
0.6035125481904762,0.6279649291428572
0.6039604497399527,0.6208926192253137
0.6044020428169014,0.6250671445383412
0.6048374597668997,0.629076554005994
0.6052668292592592,0.6329352519923371
0.6121557936551724,0.6330886117288942
0.5999301093311845,0.6332398706471422
0.6065198871655328,0.6333890716209243
0.6126161847510668,0.6335362563653308
0.6182891951677851,0.6336814654755843
0.6188339338666666,0.6265450449777779
0.6193714574834437,0.6305848734202093
0.6199019084210525,0.6344742768421052
0.6204254253594771,0.6382249896296297
0.6209421433766233,0.6418474145760122
0.6265213184884793,0.6420707898899431
0.615428899114219,0.6422913014177979
0.6208742929493215,0.6425090038816036
0.6107073211814346,0.6427239506180193
0.6160068558490566,0.6429361936219016
0.6210221976153846,0.6431457835882353
0.6214649646631629,0.6468550404259095
0.6219022654510921,0.6398050827983539
0.6223342005851816,0.64345188740839
0.622760868217636,0.6367094709627728
0.6231823641212121,0.6402934752323233
0.6235987817608897,0.6437656028915664
0.6137230942914171,0.6439526352095809
0.6044010463945578,0.644137440952381
0.5955779661946541,0.6443200596449705
0.6009319024313725,0.644500529882353
0.6060324075608376,0.6446788893567252
0.5978202911627907,0.644855174883721
0.5979773993063584,0.6483742694600311
0.5981327016091954,0.6416576058237549
0.5982862290285714,0.6351559964704319
0.5984380118181818,0.6386704498347107
0.5985880795480225,0.6420814882109227
0.5987364611235955,0.6358688499853444
0.5988831848044692,0.6298358770664447
0.5990282782222223,0.633231981925926
0.5991717683977901,0.6365361837772014
0.5993136817582418,0.6397532421978023
0.5908640458089087,0.6398638802185792
0.5962361033759591,0.639973315652174
0.6013711432895753,0.640081568
0.6062878200238948,0.640188656344086
0.6110027941841307,0.6402945993582888
0.6112030380908569,0.6343418433541927
0.611401163014443,0.6376052792185591
0.6115972024125178,0.640784486021847
0.6117911890420263,0.635060584091526
0.6119831549774775,0.6381941244696969
0.6121731316286234,0.6326466547446337
0.6123611497575927,0.6357352264930367
0.6125472394954955,0.6387511250786915
0.6043707603437164,0.6388349071639691
0.5965350140726279,0.6389178386697008
0.6013893438383838,0.6389999324834552
0.5939243403946561,0.639081201233755
0.5986492599238096,0.6391616572965517
0.6032024613490686,0.6392413128015098
0.6075949553915392,0.6393201796381017
0.6118367874767379,0.6393982694615254
0.6119966289324619,0.6338144163110668
0.6121549109593496,0.6369028784390245
0.6123116562675297,0.6399188679675314
0.6124668871282877,0.64286548114072
0.6126206253846154,0.6375038671428571
0.6127728924614566,0.640413110430622
0.616972478641822,0.6404885241904762
0.6210324930684683,0.6405632231279621
0.6139548274213837,0.6406372173584907
0.6179390067950561,0.6407105168075118
0.6111452807476635,0.6407831312149532
0.6150551385389877,0.6408550701395349
0.6152033037472766,0.6437664426780627
0.6153501033776091,0.6466133183410139
0.6154955562223421,0.6493982634095578
0.6156396807305936,0.644132831415525
0.6157824950160427,0.646886773090909
0.6196401569926906,0.6469762748717949
0.6130145992044874,0.6470649703303303
0.6168040910413553,0.6471528703139013
0.6204853859090909,0.6472399854761905
0.6141432574984127,0.6473263262814815
0.6177635564788077,0.6474119030088495
0.6179017029569518,0.6501608751164254
0.6180386376238842,0.6528521988930072
0.6181743763548609,0.6476641488209607
0.6183089347490465,0.650327669793925
0.6184423281354903,0.6529376778939979
0.6122068389298454,0.6530356865051258
0.6061453636953518,0.6531328538406218
0.6002496727065527,0.6532291906860707
0.6039295775988839,0.6533247076434733
0.6075147337998906,0.6534194151351351
0.6110093547009577,0.6535133234074582
0.6144173952941177,0.6536064425346354
0.6177425719472159,0.6536987824222549
0.6178609522564102,0.6563128753333334
0.6179783501563996,0.6511763947412098
0.6180947778258106,0.6537652643640657
0.6182102472427984,0.6487589440877914
0.6183247701891551,0.6513224795766757
0.6184383582543171,0.6464391431836735
0.6185510228392745,0.6489773309485094
0.6186627751603861,0.6514682228972055
0.6129310817008797,0.6515458982376082
0.616272914665228,0.6516229496796944
0.6195356544376471,0.6516993847102439
0.6140037655476644,0.6517752106967254
0.6172197452154196,0.6518504348896632
0.6203630460212659,0.6519250644249495
0.6204714093201731,0.6544043485741391
0.6205789227108534,0.6496016604444445
0.620685596153169,0.652058026507353
0.6207914394519647,0.6544700817518777
0.6208964622600721,0.6568392068502182
0.6240029218018018,0.6569215300652376
0.6270406520463646,0.6570032200247569
0.6300122535942839,0.6570842840075748
0.6329201911450382,0.6571647291813636
0.6330485047401775,0.6524683687798134
0.6331758462626262,0.6548366963363976
0.6333022267169811,0.657163861937107
0.6334276569423558,0.6594510946575229
0.6335521476154806,0.6616995720306139
0.6364251200942656,0.6617857027644387
0.639237770296915,0.6618711931210604
0.6419922614548907,0.6619560502157811
0.6367033544920361,0.6620402810588802
0.6394304782352942,0.6621238925575448
0.6395607695238095,0.6643547748016858
0.6396901097810219,0.6597926101692809
0.6398185093818182,0.6553084615349283
0.6399459785507247,0.6509000848309179
0.640072527364621,0.6531528429699653
0.6401981657553957,0.6553692125913962
0.6403229035125448,0.6575501943419861
0.6404467502857143,0.6596967502857143
0.6431541802416414,0.6597690038434164
0.6458077056979761,0.659840744964539
0.6406182671309975,0.6599119790812721
0.6432472990744467,0.6599827115492958
0.6458259094654283,0.6600529476491228
0.6459536263595229,0.6621832063310947
0.6460804532404182,0.6578922999303136
0.646206399379085,0.6600072235113269
0.6463314739181762,0.6558014828426937
0.6464556858742394,0.6579009674351396
0.6465790441398828,0.6599688630123841
0.6491302065498565,0.6600348781493925
0.6492562007651401,0.6559189384249307
0.6493813378769182,0.6579752371075838
0.6518910125447107,0.6580360869001883
0.6468292355282554,0.6580965255455455
0.6469470434282215,0.6601286509968184
0.647064060671141,0.6621311747651006
0.6495596940032318,0.662197017598054
0.6446021521185186,0.6622624214787879
0.6447123701439645,0.6642415671150221
