Jannik Sinner,Roman Safiullin
0.6245400998019802,0.6086642582178219
0.6184171576470588,0.6125008831372549
0.6124131075728156,0.616263010485437
0.6065245200000001,0.6199527892307692
0.6483671436190477,0.6235722864761906
0.6516844347169812,0.6271234913207547
0.6331328667912773,0.6306083185046729
0.6210976859259261,0.6340286118518519
0.6282435787155963,0.6373861475229358
0.634047424969697,0.6406826370909091
0.6343412920120121,0.6439197304504505
0.6346299114285715,0.6470990185714286
0.6349134225368732,0.6502220361061947
0.6351919597660819,0.6532902638596492
0.641676832993789,0.6563051311304349
0.6472288800000001,0.6592680179310345
0.6521433530104463,0.6621802570940172
0.6413436447457628,0.6650431362711865
0.6461910243544691,0.6678578998319328
0.6468667052121213,0.6521072321481483
0.6475312177911345,0.65599248
0.6481848367213114,0.6596318859016393
0.6488278277014043,0.6474939572899729
0.6494604478592376,0.636585714044665
0.6500829460945454,0.6409435777828572
0.6506955634054835,0.6312837837037037
0.6512985331997136,0.6356306305511812
0.6518920815909092,0.6397410530147059
0.6524764276814659,0.6436484157795005
0.6582965390769231,0.6446801801025641
0.663547358214915,0.6456961922985581
0.6510279767965368,0.6466968103703704
0.6562296998496241,0.6476823815538848
0.6610339558208955,0.6486532427197347
0.6616929635555556,0.6389967686237817
0.6623422800000001,0.643199191764706
0.6629821173722628,0.647193914383038
0.6636126817391305,0.6510052640843215
0.6642341732374102,0.6546534475570849
0.6690484669579833,0.6555674136149069
0.6735279359495667,0.6564684156151712
0.6777214423721275,0.6573567274464177
0.6816681823776224,0.6582326153359684
0.6824899311111112,0.64913257
0.6833003453793104,0.6405178626206897
0.6840996580821919,0.6323372871654374
0.684888095782313,0.6363888717964223
0.685665878918919,0.6286926935907337
0.6895652130648771,0.6290274502013423
0.6932509399272728,0.6293577433904762
0.6967482441232364,0.6296836618353832
0.7000781803508773,0.6300052918796993
0.7009491290631809,0.6341621844309219
0.7018087667532469,0.6264616238961039
0.702657312344086,0.6305364812653487
0.7034949791452992,0.6344557056410256
0.7043219750318472,0.6272298731210191
0.7051385026160337,0.6310783809977663
0.6935757866666667,0.6313638665778765
0.6827024764615386,0.6316457835882353
0.6864782268599035,0.6319241985239313
0.69007923329806,0.6321991762381991
0.6935218854072351,0.6324707799927825
0.6968204273170733,0.6327390715064563
0.6974457580606062,0.6253901563290043
0.6980635546987952,0.6183238358232932
0.6986739525748503,0.6115193935847225
0.6992770838095239,0.6049582429573935
0.7025071678717313,0.6049600471877921
0.7056091181176471,0.6049618301919505
0.7085933284848486,0.6049635923422592
0.7114689984131327,0.604965334002448
0.712116746467188,0.609237959555358
0.7127570491413118,0.6027304027586207
0.7133900340705883,0.6068959851261324
0.7140158259893048,0.6109244836796537
0.7146345468128947,0.6148244479621601
0.7049356746067417,0.614897945314868
0.6956591872873992,0.6149706214681046
0.6867727256696697,0.6150424901085272
0.6900239754347195,0.6151135646203264
0.6931619404226543,0.6151838580935344
0.6848554649180328,0.6152533833320626
0.6852095113043479,0.6191828018181817
0.6855597301621622,0.6127782646966967
0.6859061832258064,0.6166262440018702
0.6862489309090909,0.620358315366936
0.6865880323404256,0.6239809756028369
0.6783095306852498,0.6240965965432099
0.6816164289924813,0.6242110004210526
0.6737340379203702,0.6243242063525306
0.6661288119696971,0.6244362330555555
0.6587835064594127,0.6245470988601036
0.6589386888430699,0.6281589957837156
0.6590922796125356,0.6316671286153847
0.6592443031292516,0.6350769902040816
0.6593947832600113,0.6383936630378759
0.6628912278963549,0.638568831017871
0.6556924894429595,0.6387422385156553
0.6591427504,0.6389139119384616
0.6624884713087624,0.6390838771680063
0.6556363865346535,0.6392521595734959
0.6589400226098715,0.6394187840242516
0.6590740151941561,0.6331094870736218
0.6592067005337159,0.6364638540487805
0.6593380976660956,0.6303733410767873
0.6594682252609643,0.6336788340648724
0.6595971016289592,0.6277901597975708
0.659724744730275,0.6310472879590827
0.6598511721830065,0.6342235927941888
0.6599764012712573,0.6373227018009479
0.6632877906531205,0.6374611167295597
0.6665039555531933,0.6375982319874804
0.6696297771131879,0.6377340657943924
0.6726697889556026,0.6378686360310077
0.6728384052525253,0.632132703011536
0.6730054674821953,0.6352352895020068
0.673170997030859,0.6296731232736275
0.673335014894147,0.6242441327853882
0.6734975416859503,0.6273343255384616
0.6736585976470589,0.6303548570739066
0.6738182026535626,0.633308527320156
0.6739763762250306,0.6361979771458719
0.6770088332653061,0.6363121143277312
0.6799592479189085,0.6364252369568628
0.6828315459749772,0.6365373585007807
0.6856293925722392,0.6366484921896864
0.6858187968123699,0.6395106290058479
0.6860065468669972,0.642311684691204
0.6861926643124541,0.6370931656876915
0.6863771703514565,0.6319869219432419
0.6865600858211572,0.6269887562494096
0.6867414312009893,0.6220946912144762
0.6895094732763533,0.6221504196072996
0.6922072936784096,0.6222056737159287
0.694838033417168,0.6222604595693999
0.6974046383390262,0.6223147830949938
0.6976089539175669,0.625189454117647
0.6978115597423126,0.628006322730676
0.6980124771851852,0.6231916632121213
0.6982117272633867,0.6259738815959145
0.6984093306467272,0.6212748256261116
0.6986053076647725,0.6166670373662552
0.6987996783138173,0.6121474547905282
0.6989924622636865,0.6077131601075162
0.7015388214634146,0.6077214647313107
0.6948680009467456,0.6077297021111878
0.697408620801564,0.6077378730605822
0.6909586318623748,0.6077459783798609
0.6846671414964706,0.6077540188565854
0.6872463742433166,0.6077619952657662
0.689767488979592,0.6077699083701124
0.683715251109503,0.6077777589202739
0.6862235130008749,0.6077855476550797
0.6886776339425196,0.6077932753017695
0.6888235314554795,0.6106660615888554
0.6889682935792336,0.6062121348304614
0.6891119335159818,0.6018414344186046
0.6892544642640293,0.6046896716745982
0.6893958986217071,0.6074859786454466
0.6895362491912035,0.6102319717450366
0.6919647568557872,0.6102449656072173
0.6860781371863118,0.6102578606567578
0.6884953053269538,0.6102706580165289
0.6908624531320755,0.6102833587924528
0.6931813623597455,0.6102959640738209
0.6933221408931144,0.6059960029087237
0.6934618688404133,0.6087378983084578
0.6936005579182156,0.6114315616356878
0.6937382196695157,0.614078433468599
0.6938748654669316,0.6166798943554339
0.6961655554877142,0.616705541486401
0.6904891944322344,0.6167310007262988
0.6927711343822655,0.6167562741323287
0.6950084747920178,0.6167813637317693
0.697202708950585,0.6168062715225182
0.697338943788439,0.6125915380413243
0.6974741985195458,0.6151886996440743
0.6976084836826877,0.6110591639665472
0.697741809666093,0.6136260580913108
0.6978741867101146,0.6095779950555597
0.6980056249098522,0.6055961715710294
0.7001766030085815,0.6055978126823001
0.7023064108036454,0.605599442236449
0.6968484417331702,0.6056010603551303
0.6989725044996383,0.6056026671582964
0.7010576657839722,0.6056042627642276
0.7011881473737374,0.6016496183333333
0.7013177259767223,0.5977588851307
0.7014464109341693,0.6003535898634212
0.7015742114589192,0.6029070923244253
0.7017011366376089,0.5990980429504742
0.7018271954328267,0.5953481052624736
0.7018271954328267,0.5953481052624736
0.7018271954328267,0.5953481052624736
0.7018271954328267,0.5953481052624736
0.7018271954328267,0.5953481052624736
0.7018271954328267,0.5953481052624736
0.7018271954328267,0.5953481052624736
0.7018271954328267,0.5953481052624736
0.7018271954328267,0.5953481052624736
