Jiri Lehecka,Tommy Paul
0.5918325750495049,0.6331844562376238
0.5860302949019607,0.6367806870588235
0.5803406803883494,0.6305983502912621
0.5747604815384615,0.6341502892307692
0.5692865721904761,0.6376345721904763
0.620519717735849,0.639166321509434
0.6240662624299065,0.6406694399999999
0.6275471303703704,0.6421447229629629
0.6103219273394496,0.6435929365137615
0.5979553643636363,0.6450148189090908
0.6045803911111111,0.6464110818018017
0.6051347328571428,0.6513538400000001
0.6056792632448377,0.639268534209861
0.6062142404678361,0.6443125445614035
0.6067399137391304,0.6343620006956522
0.6072565236781609,0.6254450868965518
0.6077643026780627,0.6173021995959596
0.5937356302179176,0.6166933211710324
0.6021015973109243,0.6160946759969442
0.6092368617777777,0.6155060082424242
0.6154966122314048,0.6149270705334334
0.604713853114754,0.6143576236065573
0.595054932899729,0.6137974359793053
0.5862755403473945,0.6132462836363636
0.5924864349257142,0.612703949730909
0.5982150006349206,0.6121702243001443
0.6035440163779526,0.6116449039942734
0.6037116412499999,0.60118461
0.6038766672868217,0.5917538408109719
0.6040391544615384,0.5996279236923077
0.6041991609160304,0.5909793644783715
0.604356743030303,0.5829668945454545
0.5953898856081379,0.5818731584962406
0.6011408049087893,0.5807957468656717
0.6065211350955165,0.5797342968888889
0.6115815447058823,0.5786884564705883
0.6163631879318734,0.5776578837956204
0.6167277058937197,0.5857535001534526
0.6170869789928057,0.5931771948201439
0.6174411196190476,0.5849928464360903
0.6177902369739953,0.5918555324822695
0.6181344371830986,0.5841664090140845
0.6184738234032634,0.5905708397202797
0.6095492366666666,0.5899418755555556
0.6146408011514242,0.5893215867586207
0.619464087305936,0.5887097950684932
0.6240482318367346,0.5881063270748299
0.6284179683160083,0.587511014054054
0.6288467584099122,0.5797745818033265
0.629269831302564,0.5863442005333332
0.6296873005807437,0.5790174177483444
0.6300992768421052,0.585208092631579
0.6305058677928607,0.5910660886371338
0.6309071783416582,0.5966246851205936
0.6222048822365591,0.5962317148018433
0.6267633979487179,0.5958437825641025
0.6185982016955852,0.5954607921383075
0.6230490933333332,0.5950826496925858
0.6273134089024142,0.5947092637556155
0.6314068129999999,0.5943405451428572
0.6317552178881987,0.5869773553908759
0.6320993214814814,0.5799483338271605
0.6324392029447852,0.5856917736948348
0.6327749395121951,0.591168476097561
0.6331066065454545,0.59640106384573
0.6334342775903614,0.6014095362721474
0.6253997409980039,0.6011545302430433
0.6296136314285714,0.60090256
0.6336649455283179,0.600653571653324
0.6375658893594771,0.6004075125813149
0.6413273799525842,0.6001643313931888
0.6416842132243872,0.5932403742192691
0.6420369212560537,0.5983074314193962
0.6423855751724137,0.6031702878160919
0.6427302444725869,0.6078439012090225
0.643070997076167,0.612341721025641
0.6353632802616711,0.6122140479675504
0.6391858993258426,0.6120878094382023
0.6428775982122904,0.6119629813952157
0.6464469774092141,0.6118395403304844
0.6499018394317284,0.6117174632554185
0.6502555969858712,0.6162177476923076
0.6506054883372365,0.620554022828202
0.6509515765217391,0.62473712
0.6512939232123551,0.6287768816392206
0.654704785376344,0.6287722047311828
0.6474360675157997,0.6287675778435518
0.6508131269030732,0.6287630001781297
0.6540895035288704,0.6287584709536114
0.6572709108353862,0.6287539894051408
0.6576171587122647,0.6327786439219419
0.6579597998404255,0.6366693696296297
0.6582988902833204,0.6404342175805362
0.6586344849484536,0.6440805674226804
0.6617739662222222,0.6441600233235134
0.6648250118617243,0.644238668449848
0.6677923354314721,0.6443165151485042
0.6706802925410973,0.6443935755168708
0.6710542510671003,0.6479981411055276
0.6714244700078431,0.6514928442775509
0.6717910051780314,0.6548837317412936
0.6721539112871286,0.6581763865346535
0.6750004437438423,0.6583148009349946
0.6681538821901589,0.658451858331411
0.670989599306233,0.6585875785824964
0.6737537470785524,0.6587219811612413
0.6764497105314009,0.658855085164346
0.6768033176923076,0.6621195233136095
0.6794409581599932,0.662263964313581
0.6820160282955665,0.6624070296849817
0.6823790835626736,0.6556770450004471
0.6827387137800911,0.6491429091823899
0.6852654026195591,0.6492251803442879
0.6877340657943924,0.6493066826168223
0.6881011941705426,0.6526291462494715
0.6884649232098765,0.6462707741798941
0.6908877007539472,0.6463373341408821
0.6932565540810891,0.6464032834600262
0.6869486609436833,0.6464686305022831
0.6893185912727272,0.6465333834805194
0.6916380685833623,0.6465975504589528
0.6919875852529452,0.6499322676276276
0.6923339672438773,0.653177249469615
0.6926772565384616,0.6563367262953996
0.6930174943726496,0.6501553929481481
0.6933547212525528,0.6532750206644422
0.6871683316833533,0.6533580873026648
0.6895084469337522,0.6534404252861662
0.6835156772052402,0.6535220441606414
0.6858526285771896,0.6536029533057733
0.6800405878540507,0.6536831619388261
0.67435838973288,0.6537626791181459
0.6746074711769328,0.6568601041783192
0.6748544237197545,0.6507904419373218
0.6750992745388074,0.644873957787234
0.6753420503509191,0.6391040388005216
0.6755827774220003,0.6334744652397392
0.6779765689635854,0.6334866046142094
0.6803222087373186,0.6334986424039559
0.6826214338918918,0.6335105798787879
0.6848758924481327,0.6335224182874386
0.6851312262258953,0.6367188365215246
0.6853844584910836,0.6398396783732753
0.6856356150819672,0.6428880063863149
0.6858847214149659,0.6374119012011662
0.6861318024932249,0.6404194283568074
0.6883606885829958,0.640449662751896
0.6905468127440302,0.6404796533212176
0.69269163969931,0.6405094030024323
0.6947965628516455,0.6405389146861972
0.6950543202541732,0.6435102570694997
0.69531003196303,0.6381533483278974
0.6955637222354532,0.6410864558230959
0.695815414946676,0.6439565488713911
0.6960651335974187,0.6467659383942209
0.6981448831249999,0.6468094102631579
0.7001864964442522,0.646852543829613
0.7021912169861978,0.6468953430273358
0.7041602305735684,0.6469378117293234
0.7044176309842447,0.6497140617462538
0.7046730589779808,0.6524328100127713
0.7049265371397039,0.6550960854343415
0.7051780877108434,0.6577058177946769
0.7071206514574315,0.6577713260606061
0.7090291967502774,0.6578363399245283
0.7109047799825144,0.6579008649624061
0.70555912165655,0.6579649066666667
0.7003141081682497,0.6580284704477612
0.7022255969725575,0.6580915616356877
0.7024545575164377,0.6606804772053041
0.7026818283146068,0.6555230702259023
0.7029074280039656,0.6504688738766833
0.7031313749483474,0.653058474041514
0.7033536872435003,0.6555984781794761
0.7035743827219612,0.6580904941598309
0.7054653022222221,0.6581496539804517
0.7056862457761733,0.6605996853379807
0.7059055998081535,0.6557285581687378
0.7077684507968017,0.6557813394851743
0.7096004769937887,0.6558337437922077
0.7098216109917995,0.6582708255875884
0.710041176663583,0.6606637788494878
0.7118463230913028,0.6607242523439341
0.7067297897632604,0.6607842999687011
0.70693760610377,0.6631424074524773
0.7071439691831573,0.6654587248160536
0.702095490834403,0.6655260554219058
0.7022892382163743,0.6678054658542414
0.7024816447860135,0.6630881700478539
0.7026727244137931,0.6653504485517241
0.7028624907795261,0.6675743301718213
0.7030509573756308,0.6697609136336675
0.7048993404323095,0.6698324519812815
0.7067179934693877,0.6699035036734694
0.7017626713192666,0.6699740736592696
0.7035808735298935,0.6700441668208414
0.7053706736700336,0.6701137879745913
0.705553993557047,0.6722798160471168
0.7057360872240802,0.6744100326988953
0.7059169669333334,0.6765054336
0.7060966447840531,0.6719553514055459
