Laslo Djere,Stefanos Tsitsipas
0.5998847532673267,0.6634491097029703
0.5940035301960784,0.6667486282352942
0.588236505631068,0.669984078446602
0.5825803853846154,0.6731573084615385
0.6246510483809524,0.6762700960000001
0.5998901894339623,0.6793241516981132
0.6098600630529595,0.6823211222429907
0.6165588896296297,0.6852625933333334
0.6219115603669726,0.6881500924770643
0.6235305461818182,0.6909850916363637
0.625120361081081,0.6937690097297298
0.6266817864285714,0.6811970925510205
0.6282155759292035,0.684808496283186
0.6297224568421054,0.6745372716569201
0.6312031311304349,0.665290087652174
0.6326582765517241,0.6693510665203762
0.6340885476923077,0.6610401146438747
0.6354945769491526,0.6649991401825295
0.6368769754621849,0.668737719759904
0.6437918895555556,0.6691172863809525
0.6246971907438017,0.6694905791735538
0.6318718039344262,0.669857752412178
0.6172495399457996,0.6702189553542393
0.6240996780645162,0.6705743324423964
0.6301614260945455,0.6709240234971429
0.6309321507070708,0.6614420112169312
0.6316907379241232,0.6659122840944882
0.6324374722159091,0.6701020778308824
0.6331726292318535,0.6615635148320413
0.6338964761398602,0.6656513528421053
0.6346092719500347,0.6576974051908397
0.6353112678236914,0.6616794955555556
0.6360027073684211,0.6541981960902256
0.6366838269199457,0.658076665100584
0.6373548558114479,0.661790321580247
0.6440320594117648,0.6618261770588235
0.6499992594272881,0.6618615090997567
0.6554021951966874,0.6618963290821256
0.6603479142446044,0.661930648057554
0.6613454291428572,0.6657740005714285
0.6623287948936171,0.6694537266993998
0.6632983104225353,0.6729853213771518
0.6642542662937063,0.6763821384215785
0.6690163894444445,0.6766453576984127
0.6551732743853955,0.676904946364532
0.6600420401217657,0.6771609790215265
0.6477546872610097,0.6774135282410108
0.6364078383783783,0.6776626646332047
0.6415326179865772,0.6779084569127518
0.6463466429575758,0.6781509719619048
0.650887498370285,0.6783902748912016
0.6514680440045767,0.6819969243012705
0.6520410008070474,0.6854576911546841
0.6526065166120836,0.6887849104482615
0.6531647354389902,0.6919894198709677
0.642660427863248,0.6923612825641026
0.6327921024203822,0.6927284081528662
0.6376089002142162,0.6930908865822785
0.6284383233542977,0.6934488055345912
0.6197486790714286,0.6938022505000001
0.6198922099023958,0.69702162293243
0.6200339687477955,0.6888678726797386
0.620173988220859,0.6810328839263804
0.6203123001393729,0.6843328189159892
0.6204489355497835,0.6875199546208026
0.6205839247504303,0.6801391380849715
0.6207172973139437,0.6730118291294335
0.6208490821088435,0.6762402385714286
0.620979307320372,0.6694101260326166
0.6211080004705882,0.6627942749803921
0.6263485465456746,0.662816920545809
0.617374186511628,0.6628393027906977
0.6224574235465226,0.6628614262813102
0.6273037935632184,0.6628832954789272
0.6319334861714285,0.6629049147428572
0.6321308337878788,0.6662737160993658
0.6323259514877589,0.6695387575141243
0.6325188768539325,0.6727061427715356
0.6327096466294228,0.6757814626767064
0.6372555952156863,0.6758918555169082
0.6288228260142068,0.6760010285467211
0.6332693777289378,0.6761090018729097
0.6375379298419732,0.6762157951627465
0.6416415450572083,0.6763214276559546
0.6418716476586059,0.6794011413179989
0.6420992760384834,0.6727600004301075
0.6423244698902336,0.6663112129128015
0.64254726806271,0.6694061706382979
0.6427677085825676,0.6631835630335097
0.6429858286759003,0.6662383324048584
0.6432016647891982,0.6602235586525733
0.6434152526096492,0.6632379865277778
0.6436266270848106,0.6661761473763542
0.6438358224416713,0.6690416204418262
0.6479876453806706,0.6690904912527473
0.6519814289795918,0.6691388633819242
0.6438185914671289,0.6691867444234953
0.6359681485521885,0.6692341418181819
0.6284094289400491,0.6692810628571428
0.6211236185818182,0.6693275146857143
0.6211994395658074,0.6633915095190714
0.6212745098469847,0.6663097375076819
0.6213488405194805,0.6691569879535777
0.6214224424598931,0.6719364056209151
0.6214953263325942,0.6746509368156738
0.6257255883063646,0.6747182846474614
0.6298114433606385,0.6747849817755605
0.6337615511211129,0.6748510375851198
0.6375838600318979,0.6749164612816692
0.6377223495873016,0.6776127745745009
0.6378595264454976,0.6802472493071541
0.63799540918239,0.6828224532075472
0.6381300160250392,0.6771790108486818
0.638263364859813,0.6797332034324555
0.6311181437038443,0.679813373169838
0.6349461114814815,0.6798928005948373
0.6386560372350231,0.6799714959698366
0.6422542981792521,0.6800494693689185
0.6457467979874214,0.6801267306821641
0.6458990638284734,0.674529180824966
0.6460499516981133,0.6690556617939847
0.646199480217576,0.6716658079070374
0.6463476676740841,0.6742207050352339
0.646494532028302,0.6767224324496982
0.6466400909215932,0.6714569089975309
0.6467843616830856,0.6739368581549279
0.6469273613365472,0.6763673440838195
0.6504037885250162,0.6764235802465624
0.6537800559269551,0.6764793252637791
0.65706119289441,0.6765345855417157
0.6602518815645173,0.6765893673756874
0.6604307716696914,0.6790015520689656
0.6635433539026194,0.6790630618597997
0.6665734640533101,0.6791240459259259
0.6667661914691669,0.67394374950056
0.6669572856018385,0.6763506342813119
0.6602884391561181,0.6764011028637187
0.653801485389172,0.6764511473403907
0.6539467703463886,0.6788248088316704
0.6540908445956284,0.6811529771265823
0.6571729570981126,0.6812154234108934
0.6601775341099305,0.6812773536102104
0.6603348804650859,0.683573498271605
0.6632719675409836,0.6836408199999999
0.6661377334505495,0.6837075921632654
0.6689351912589309,0.6837738214634146
0.6716671777968457,0.6838395144939271
0.6718476242994704,0.6787473698964557
0.6720266214325961,0.6810503245450092
0.6722041865886567,0.683310548753735
0.6723803368829161,0.6783675890115728
0.6725550891589671,0.6806120731465921
0.6727284599941007,0.6828163878518247
0.6754289303751737,0.6828748840358909
0.6692581327377096,0.6829329214263566
0.6632357815625,0.6829905053997094
0.6659600792283663,0.6830476412487558
0.6601185360551249,0.6831043341842438
0.6544110798032474,0.6831605893364461
0.654528466061117,0.6853548774076039
0.6546449528074318,0.6875102615395333
0.6547605503419429,0.6896279289441634
0.6548752688077504,0.6917090159357837
0.657634042072072,0.6917825087205387
0.6603334342641509,0.6918554468427673
0.662975631483973,0.6919278365580619
0.6655627086025585,0.691999684028298
0.6656960518588875,0.694061045074627
0.665828403715541,0.6892584906804591
0.6659597751880713,0.6845391273373158
0.6660901771294389,0.6866132467425611
0.6662196202330023,0.6886530266099071
0.6663481150354407,0.6906594386324787
0.6689075466142618,0.6907239418978103
0.6714145199686996,0.690787976048485
0.6738708698550725,0.6908515461835749
0.6762783423131435,0.6909146573285199
0.6764214036095568,0.6929025783490321
0.6765634393769635,0.6948584334664618
0.6767044606031746,0.6967831041818181
0.6768444781195906,0.6986774380071175
0.6713477567272097,0.6987530499290779
0.6737551145915108,0.6988281274911661
0.6761159560160966,0.6989026763380282
0.6784318103942208,0.6989767020350878
0.6807041375378111,0.6990502100699302
0.6808442981476379,0.7009295328278193
0.6809834854198966,0.702779572717865
0.6811217094584372,0.7046011048557127
