Roman Safiullin,Denis Shapovalov
0.642062971089109,0.6397876245544554
0.6357682360784315,0.6433191184313725
0.629595728932039,0.6467820396116504
0.6235419238461539,0.650178366153846
0.6652224769523811,0.6535100007619047
0.6683807554716982,0.6567787743396225
0.6714800007476637,0.6599864493457943
0.6560033340740742,0.6631347229629628
0.6444803677064221,0.6662252300917431
0.6501366067878789,0.6692595461818182
0.6502855262462464,0.65241937009009
0.6504317864285716,0.6573084828571427
0.6505754579351033,0.661605373653603
0.6507166088888889,0.6655135971929824
0.6508553050434784,0.6546540586666666
0.6509916098850576,0.6587806041379309
0.637287570891331,0.6599876075213674
0.6258335600000001,0.661174153220339
0.6336463498786182,0.6623407569747899
0.6404030006666668,0.6634879173333332
0.6463801358978213,0.6646161163636364
0.65176251431694,0.6657258203278688
0.651883686287263,0.6532180716038433
0.6520029038709678,0.658214113548387
0.6521202139733334,0.6627945544861538
0.652235662010582,0.6670406468934239
0.652349291968504,0.656838977007874
0.6524611464583334,0.6610824224999999
0.6410427436135958,0.6617717060465116
0.630701670945055,0.6624503852307692
0.6370103822900764,0.6631187029007632
0.6427906066666668,0.6637768945454545
0.6481300846351173,0.6644251885714285
0.6390010287893865,0.6650638065671641
0.6304556887017545,0.6656929635555555
0.6224144123529413,0.6663128682352941
0.6218858400000001,0.6708953848690424
0.6213649281159421,0.6751746785185184
0.6208515113669065,0.6791944155698598
0.6203454291428572,0.6829896434285714
0.6260775284295848,0.6838195041134751
0.6180102182330346,0.6846376766197183
0.623445509832776,0.685444406153846
0.6285765746296297,0.686239931111111
0.6334369660689656,0.6870244833103447
0.6332079457534248,0.6907989405348989
0.6329820413605443,0.6798417135930735
0.6327591897297298,0.6836741045358401
0.6325393293959732,0.6736144300671141
0.6323224005333334,0.6774570005333334
0.6321083449006624,0.681121319938869
0.6240023689473685,0.681700987368421
0.6162928400290487,0.6822730774459527
0.6214643047866419,0.6828377377822177
0.6263854154215795,0.68339511217866
0.6310792312820513,0.6839453407495069
0.6355658850380113,0.6844885600391964
0.6354224504859127,0.688162412601969
0.6352808201420167,0.6916710247619047
0.6351409601774194,0.6820986966206896
0.6350028376036867,0.6729930646790889
0.6348664202469136,0.6766577165432098
0.6347316767227391,0.6801751538650307
0.6393192687804878,0.6806009151219512
0.643709069355372,0.6810215156363635
0.636223288929837,0.6814370486746988
0.6404948849957229,0.6818476052694611
0.644600026931217,0.6822532742857143
0.6445662332149902,0.6733749601291016
0.6445328370718955,0.6769949312664361
0.6444998315269657,0.6804760656307436
0.644467209767442,0.6838287795348836
0.6444349651380861,0.6870623891516949
0.6370595406896552,0.6874629314942529
0.6299605538406016,0.6878588962100385
0.6341908570979022,0.6882503613267813
0.6382675710734464,0.6886374031088716
0.642200981540148,0.6890200961068934
0.6460004154509178,0.6893985132054959
0.6459829528253969,0.6809217694502924
0.645965683157064,0.6842503829324267
0.6459486032653062,0.6762008246153846
0.645931710039032,0.6684473614927362
0.6459150004347827,0.6609703808695652
0.6497145799421749,0.6611298717323038
0.6533880551710656,0.6612876476395289
0.6569431020320856,0.6614437361038961
0.6603867441813136,0.6615981640526849
0.6604583119024615,0.6651405996603912
0.6605291262791763,0.6578009812822966
0.6605991991440929,0.6612954919837114
0.6606685420833334,0.6646799483333332
0.6607371664428926,0.6679607379296659
0.653857526185567,0.6681368560824742
0.647192444854701,0.6683111678952536
0.6507257021990838,0.668483701016066
0.6541541120812183,0.6686544825315908
0.6574833000673401,0.6688235389813024
0.6511514035717048,0.6689908963712178
0.6449965173811321,0.669156580187234
0.6483150400147413,0.669320615408066
0.651544536849685,0.6694830265178007
0.6456287970161858,0.6696438375180798
0.6488094706363949,0.6698030719399248
0.6430786278082423,0.6699607528552154
0.6374899822873128,0.6701169028878331
0.6406523031239937,0.6702715442244835
0.643738175037831,0.6704246986252045
0.6467509125605804,0.6705763874335742
0.6467433429308757,0.6630645241904761
0.6467358450512155,0.6665353471244801
0.6467284179062691,0.6593327833962264
0.6467210604997728,0.6523562601564945
0.646713771854085,0.6455935122358015
0.649719208936139,0.6456318966153847
0.6526544448148148,0.6456699255840455
0.6555223966820277,0.6457076040552996
0.658325810764526,0.6457449368525052
0.6583638968645358,0.6390784142534677
0.6584016367272727,0.6427105811717171
0.6584390350527904,0.6362830320361991
0.6584760964564564,0.6398518986872586
0.6585128254708521,0.6433213244087798
0.6585492265476192,0.6466961133497537
0.6613492620470979,0.6467337857961686
0.6640869654763144,0.6467711248581018
0.6667647861533551,0.646808134941516
0.6693850379448621,0.6468448203750755
0.6694563447036807,0.640625746038043
0.6695270314037268,0.6345734061449275
0.6695971060977118,0.6379768330764317
0.6696665766995075,0.6412924155283648
0.6697354509871245,0.6354634958130663
0.6698037366056167,0.6387277781196581
0.6698714410699089,0.633074026527005
0.6699385717675546,0.6362881551926041
0.6700051359614226,0.630798089008124
0.670071140792317,0.6339632603460207
0.6701365932815302,0.6286265208610757
0.6702015003333334,0.6234106253333334
0.6728556814727369,0.6233727626318909
0.6754523602938476,0.6233352128453366
0.677993702341733,0.6232979721105232
0.6804817592999557,0.6232610366276347
0.6805724570281302,0.6264396122839896
0.6806624173764009,0.6213039524480578
0.6807516493007988,0.6162805255304752
0.6808401616129033,0.6113651212903226
0.6809279629827418,0.606553748647925
0.68339344032,0.6064742003199999
0.6778923970475991,0.6063952858432935
0.680340328084931,0.6063169976719577
0.6827390334569778,0.6062393283794466
0.6850902245749029,0.606162270656168
0.685183442358898,0.609391630860681
0.6852759318789557,0.6125521690422078
0.6853677016362114,0.6156463586870199
0.6854587600000001,0.6186765506976744
0.6877832435521236,0.6186337645432775
0.6900625435175689,0.6185913075131451
0.6922981743089431,0.6185491758242397
0.6944915794463351,0.6185073657512803
0.6945995641870907,0.6215058938403042
0.6947067308616284,0.6167743432697343
0.6948130887310753,0.619729457273815
0.6949186469172933,0.6226261281203007
0.6950234144054871,0.6180202517710005
0.6951274000467542,0.6208769427919227
0.6898239620605418,0.62084306830527
0.6846235558518519,0.6208094447407407
0.6868599917137218,0.620776069320599
0.6890554144252874,0.6207429393079584
0.6912111091841492,0.6207100520060331
0.6933283050569999,0.6206774047574066
0.69342202439714,0.6161181947940803
0.6935150646116268,0.6189744234949192
0.6936074330556119,0.6145156058024286
0.6936991369784173,0.6101386693525179
0.6937901835254319,0.612969713548387
0.6938805797399679,0.6086847746185242
0.6959807199367339,0.6086304038668805
0.6909516314893617,0.6085764187234042
0.6930422924934705,0.6085228151003766
0.6950968305103741,0.608469588967652
0.6971163063650616,0.6084167363516483
0.6972082222704956,0.6112384694192763
0.6972994976469717,0.6070033028901127
0.6973901391666667,0.6097866322222222
0.6974801534094088,0.6125209345328719
0.6975695468642701,0.6152076439540229
0.6995693328847894,0.6151697024513172
0.7015354797260274,0.6151320208219178
0.6966781931585799,0.6150945964050056
0.6986373485991949,0.6150574265759636
0.700564548807396,0.6150205087457626
0.700564548807396,0.6150205087457626
0.700564548807396,0.6150205087457626
0.700564548807396,0.6150205087457626
0.700564548807396,0.6150205087457626
0.700564548807396,0.6150205087457626
0.700564548807396,0.6150205087457626
