Stan Wawrinka,Novak Djokovic
0.5763870304950495,0.6540755453465348
0.5707361772549019,0.6574669615686276
0.5651950493203883,0.6510837871844661
0.5597604815384616,0.6544387507692309
0.5544294293333333,0.6577298102857144
0.549198963018868,0.6590719818867925
0.5440662624299065,0.6603890661682243
0.5390286118518518,0.6616817600000001
0.5547255970642202,0.6629507346788992
0.565591728,0.6641966370909091
0.5740098205405406,0.6654200908108109
0.5810020797959183,0.6666216971428571
0.5870804431858407,0.6678020361061947
0.587413070877193,0.6730552346198831
0.5877399137391305,0.6775545472795031
0.5880611213793103,0.6815657765517242
0.5883768382905983,0.6852371041975309
0.5780939837288136,0.6869629667796611
0.5850007569747899,0.6886598232679739
0.5911863567272727,0.6903283988148149
0.5823561163636364,0.6919693946005511
0.5881438657250946,0.6935834888160293
0.5935024745180023,0.6951713375971094
0.5939004960368663,0.6988841135483872
0.5942921492114286,0.7023112224581819
0.5946775856689342,0.7055155826455027
0.5950569522609673,0.6921872750090855
0.59543039125,0.6957939850000001
0.6011505690956072,0.6970447514507199
0.5920391544615384,0.6982762753406594
0.5975107909115402,0.6994889973391494
0.5891715578451179,0.7006833447619049
0.5813560393826671,0.7018597320730398
0.5739932095522389,0.7030185613646056
0.5738154820740741,0.706629358617284
0.5736403682352942,0.710011985882353
0.5734678108029198,0.6973154621554316
0.5732977542028985,0.685631779967794
0.5731301444604316,0.6895762860734571
0.5729649291428571,0.6932973577142858
0.5790330603444782,0.6940541140425533
0.5712970492189501,0.694800211830986
0.5770590063362724,0.6955358746853147
0.5697807181481481,0.6962613200000001
0.5752764833103449,0.6969767591724139
0.5805037782086406,0.6976823978082192
0.580479419696494,0.6861983257790736
0.5804553903534303,0.6902198592628994
0.5804316835518843,0.694023195751386
0.5804082928410256,0.6976330894222222
0.5803852119409068,0.7010703978807947
0.5857230585185185,0.7017212505263158
0.5908082451540616,0.7023635952941177
0.5835731330765785,0.7029975979220779
0.5766564951397849,0.7036234198709679
0.5700305608933002,0.7042412184615385
0.5750164973248408,0.7048511470063695
0.568680086812428,0.7054533549367089
0.5734948321716611,0.7060479879245284
0.5674157415714285,0.7066351880000001
0.5615499038785369,0.7072150936645963
0.5613414339643347,0.7107318096106363
0.5611355219631902,0.7140795301431493
0.5609321210840108,0.7172747478745645
0.5607311856700337,0.7203317183531871
0.5548613371800717,0.7209778297299543
0.5597499878726757,0.721616203245922
0.5540886009035408,0.7222469770771758
0.5588171010650888,0.7228702861293614
0.553345580097561,0.7234862621338742
0.5480414624561403,0.7240950337406735
0.547762151627907,0.7271025004651164
0.5474860698265895,0.716373397814656
0.5472131613793103,0.7194633912643679
0.5469433718857143,0.7224300939636364
0.5466766481818182,0.7252833259893048
0.5514714063119169,0.7258383886208043
0.556111333442288,0.7263872145935228
0.550798144456859,0.726929908432468
0.5553012250821256,0.7274665723398693
0.550148023246738,0.7279973062593436
0.5451378575824175,0.7285222079379445
0.5495192833634437,0.7290413729861781
0.5537776634782609,0.7295548949360615
0.5535950815135136,0.7323794676138997
0.553414462795699,0.7350983696057348
0.553235775828877,0.7377193688336465
0.553058989787234,0.7279314030011199
0.5528840744973544,0.7306204820404287
0.5478812790588234,0.7310935996113361
0.5430109428272252,0.7315617630715532
0.5382664872484277,0.7320250498290599
0.5336418023719056,0.732483535687525
0.5333729347384497,0.735111495257732
0.5331068247217474,0.7376518865891182
0.5328434301133786,0.7401103575510205
0.5325827095619478,0.7310412104167159
0.5323246225514403,0.7223039168411387
0.5320691293802344,0.7249328144723619
0.5365299958545454,0.7253081504000001
0.5408710949253732,0.7256797516417912
0.545098153079729,0.7260476736633664
0.5492165130490911,0.7264119708374385
0.5490597721974306,0.7289892352600171
0.5489045605248108,0.7314890102501297
0.5487508557616337,0.7231956152750809
0.5485986360686324,0.7257241323001085
0.5484478800265252,0.7281809138461539
0.5525659163668801,0.7285245458373206
0.5565797940317461,0.7288649051428573
0.5518701340128972,0.7292020382938389
0.555792421253804,0.7295359909433963
0.5596207373902675,0.729866807887324
0.5595275682421006,0.7322835930071467
0.5594352657836841,0.7346336998354205
0.5593438179776602,0.726787770286513
0.5592532130085582,0.7291626578187405
0.559163439277705,0.7216338327272728
0.559074485398275,0.7240257081278539
0.5629095003636364,0.7243061107532467
0.566653731653324,0.7245839757983195
0.5703109435763035,0.7248593375546976
0.5738846821069541,0.725132229698911
0.5738546798614073,0.7274837809022556
0.5738249443024875,0.7297758271754791
0.5737954718901069,0.7320111125483726
0.573766259146558,0.7341922029955947
0.577310766604747,0.7344808336842106
0.572611936935637,0.7347669435807861
0.5760904537639752,0.7350505655652175
0.5794934086750807,0.735331731948052
0.582823664137931,0.7356104744827587
0.5828258515593705,0.737758350445367
0.5828280202849003,0.7306190422497931
0.5828301705531915,0.7327850520121582
0.5828323025988701,0.7349009749152543
0.582834416652602,0.7369689032911393
0.5861460559364567,0.7372337398319329
0.5893880281533417,0.7374963601673641
0.5925628753333333,0.737756792
0.5956730097226468,0.7380150625726141
0.5957126384341018,0.7400493103731531
0.5957519409833225,0.7420385243756527
0.5957909213805004,0.7439845012921891
0.5958295835703544,0.745888936735877
0.5989104601499313,0.7461560313137741
0.6019296702086577,0.7464209631825383
0.5973352448101266,0.7466837585039738
0.600311606746988,0.7469444430196148
0.5958233232829631,0.7472030420591305
0.5914215035739967,0.7474595805485306
0.5943704569057182,0.7477140830181737
0.5900652911123659,0.7479665736105862
0.5929727955905512,0.7482170760880977
0.595827530637483,0.7484656138402956
0.5958619979505814,0.7503523496428572
0.5986722499646675,0.750601117598666
0.5944735697251586,0.7508479571207087
0.5945036823025623,0.7526986641840232
0.5945335632447553,0.7459635344957265
0.597319859534203,0.746191856415496
0.6000575957251909,0.7464184354198474
0.6000996243008028,0.7398041041637586
0.6001413344781145,0.7417363137755938
0.5960013766236781,0.7419459778643549
0.5919331598300098,0.7421540655313961
0.5919552307181241,0.7440510489887641
0.5919552307181241,0.7440510489887641
0.5919552307181241,0.7440510489887641
0.5919552307181241,0.7440510489887641
0.5919552307181241,0.7440510489887641
0.5919552307181241,0.7440510489887641
0.5919552307181241,0.7440510489887641
0.5919552307181241,0.7440510489887641
0.5919552307181241,0.7440510489887641
0.5919552307181241,0.7440510489887641
0.5919552307181241,0.7440510489887641
0.5919552307181241,0.7440510489887641
0.5919552307181241,0.7440510489887641
0.5919552307181241,0.7440510489887641
0.5919552307181241,0.7440510489887641
0.5919552307181241,0.7440510489887641
0.5919552307181241,0.7440510489887641
0.5919552307181241,0.7440510489887641
0.5919552307181241,0.7440510489887641
0.5919552307181241,0.7440510489887641
0.5919552307181241,0.7440510489887641
0.5919552307181241,0.7440510489887641
0.5919552307181241,0.7440510489887641
0.5919552307181241,0.7440510489887641
0.5919552307181241,0.7440510489887641
0.5919552307181241,0.7440510489887641
0.5919552307181241,0.7440510489887641
0.5919552307181241,0.7440510489887641
0.5919552307181241,0.7440510489887641
0.5919552307181241,0.7440510489887641
0.5919552307181241,0.7440510489887641
0.5919552307181241,0.7440510489887641
0.5919552307181241,0.7440510489887641
0.5919552307181241,0.7440510489887641
0.5919552307181241,0.7440510489887641
